2015-W30,736,125,607,0.16960651289009498,0.8236092265943012
2015-W43,1059,201,821,0.18962264150943398,0.7745283018867924
2015-W44,672,91,415,0.1352154531946508,0.6166419019316494
2015-W25,654,97,553,0.1480916030534351,0.8442748091603054
2015-W34,731,106,613,0.1448087431693989,0.837431693989071
2015-W28,560,77,475,0.13725490196078433,0.8467023172905526
2015-W36,779,126,646,0.16153846153846155,0.8282051282051283
2015-W29,721,143,566,0.19806094182825484,0.7839335180055401
2015-W22,469,86,379,0.1829787234042553,0.8063829787234043
2015-W27,692,131,554,0.18903318903318903,0.7994227994227994
2015-W21,100,25,74,0.24752475247524752,0.7326732673267327
2015-W19,3,2,1,0.5,0.25
2015-W39,1032,149,876,0.1442400774443369,0.8480154888673765
2015-W37,999,170,821,0.17,0.821
2015-W20,9,3,5,0.3,0.5
2015-W33,822,126,691,0.15309842041312272,0.8396111786148238
2015-W31,709,126,573,0.17746478873239438,0.8070422535211268
2015-W26,899,192,703,0.21333333333333335,0.7811111111111111
2015-W35,861,136,714,0.15777262180974477,0.8283062645011601
2015-W40,758,103,639,0.13570487483530963,0.841897233201581
2015-W42,720,90,617,0.12482662968099861,0.855755894590846
2015-W32,579,67,496,0.11551724137931034,0.8551724137931035
2015-W41,722,85,628,0.11756569847856155,0.8686030428769018
2015-W24,367,60,271,0.16304347826086957,0.7364130434782609
2015-W38,906,124,771,0.13671444321940462,0.8500551267916208
2015-W23,376,64,310,0.16976127320954906,0.8222811671087533
