2015-W05,293,51,241,0.17346938775510204,0.8197278911564626
2015-W12,27,11,16,0.39285714285714285,0.5714285714285714
2014-W22,188,13,175,0.06878306878306878,0.9259259259259259
2014-W52,333,71,262,0.2125748502994012,0.7844311377245509
2015-W16,4,3,1,0.6,0.2
2015-W08,76,17,59,0.22077922077922077,0.7662337662337663
2015-W15,2,2,0,0.6666666666666666,0
2014-W45,1,0,1,0,0.5
2014-W30,303,64,239,0.21052631578947367,0.7861842105263158
2014-W18,21,0,21,0,0.9545454545454546
2015-W17,126,31,91,0.2440944881889764,0.7165354330708661
2014-W17,31,4,27,0.125,0.84375
2014-W36,54,6,48,0.10909090909090909,0.8727272727272727
2014-W43,190,32,158,0.16753926701570682,0.8272251308900523
2014-W39,144,43,101,0.296551724137931,0.696551724137931
2014-W16,1,0,1,0,0.5
2014-W38,111,24,87,0.21428571428571427,0.7767857142857143
2014-W40,32,10,22,0.30303030303030304,0.6666666666666666
2015-W09,378,43,335,0.11345646437994723,0.8839050131926122
2014-W48,233,66,167,0.28205128205128205,0.7136752136752137
2014-W25,240,10,230,0.04149377593360996,0.9543568464730291
2014-W41,28,3,24,0.10344827586206896,0.8275862068965517
2014-W23,9,9,0,0.9,0
2014-W50,2,1,1,0.3333333333333333,0.3333333333333333
2015-W03,1,1,0,0.5,0
2015-W11,3,3,0,0.75,0
2014-W20,20,0,20,0,0.9523809523809523
2014-W26,148,6,142,0.040268456375838924,0.9530201342281879
2014-W33,1,0,1,0,0.5
2014-W51,51,13,38,0.25,0.7307692307692307
2014-W32,1,0,1,0,0.5
2014-W28,3,0,3,0,0.75
2015-W06,1,1,0,0.5,0
2014-W29,82,10,72,0.12048192771084337,0.8674698795180723
2014-W46,25,5,20,0.19230769230769232,0.7692307692307693
2014-W21,289,21,268,0.07241379310344828,0.9241379310344827
2014-W31,110,27,83,0.24324324324324326,0.7477477477477478
2015-W14,36,7,29,0.1891891891891892,0.7837837837837838
2014-W34,4,3,1,0.6,0.2
2014-W49,2,1,1,0.3333333333333333,0.3333333333333333
2015-W13,420,84,336,0.1995249406175772,0.7980997624703088
2015-W01,102,16,86,0.1553398058252427,0.8349514563106796
2015-W18,374,78,293,0.208,0.7813333333333333
2014-W47,235,40,195,0.1694915254237288,0.826271186440678
2014-W44,159,23,136,0.14375,0.85
2015-W04,203,39,164,0.19117647058823528,0.803921568627451
2014-W35,57,7,50,0.1206896551724138,0.8620689655172413
2015-W07,5,4,1,0.6666666666666666,0.16666666666666666
2015-W10,32,2,30,0.06060606060606061,0.9090909090909091
2014-W27,10,2,8,0.18181818181818182,0.7272727272727273
2014-W37,127,37,90,0.2890625,0.703125
2014-W42,119,19,100,0.15833333333333333,0.8333333333333334
2014-W24,93,3,90,0.031914893617021274,0.9574468085106383
