CHANGEID,MERGESIZE
828630,0
829391,0
829349,0
829332,0
827659,0
827797,0
827596,0
827567,0
825944,658
826937,0
826901,0
826869,0
826253,0
826119,0
825724,0
825164,0
825537,0
825471,0
825438,0
557055,54
825264,0
825162,106
824632,0
824528,0
824401,0
824014,0
823787,0
823414,0
822932,0
822639,0
822468,133
821117,0
821244,0
874711,0
874917,0
1088675,0
1116895,0
1119365,0
1138629,0
1148444,0
874108,0
873901,0
873699,0
873680,12
873664,2
873502,0
873497,0
873420,0
873427,0
873411,0
873261,2
873230,0
873174,0
873173,0
873168,4
873119,0
873106,6
873080,7
872707,0
872669,0
872338,336
872665,0
967172,10
872013,2
871999,8
871866,150
871694,0
871869,0
871395,0
870946,0
871133,0
871137,0
870765,165
870607,0
870998,0
870641,0
870617,0
870406,0
870396,0
870399,0
869823,22
869857,0
866252,1,419
1177607,0
869528,251
1177600,137
869106,4
868792,43
868722,73
868696,132
866711,1,728
868494,0
868393,0
867016,0
868312,8
980394,0
986672,0
989572,0
990590,0
991921,0
994458,0
974166,0
973978,0
970822,0
964258,0
998981,0
971968,0
971447,0
971448,0
970343,0
970714,0
970906,0
968987,0
968778,0
966759,0
966338,0
965317,0
965058,0
965079,0
964584,0
964341,0
997145,0
997522,0
996586,0
997551,0
997137,0
997645,0
997878,0
998406,0
998832,0
998663,0
999027,0
999006,0
999478,0
999546,0
999675,0
999677,0
998660,0
990854,0
1000527,0
1000683,0
1000737,0
1001151,0
1001187,0
1001180,0
1001271,0
1001527,0
1001744,0
1001862,0
1000082,0
1003934,0
965022,0
1005540,0
1006710,0
1005879,0
1006640,0
1006565,0
1006513,0
1005948,0
1006365,0
1008410,0
1008357,0
1008420,0
1008742,0
1008768,0
1008996,0
1013297,0
1013351,0
1013393,0
1013862,0
1013923,0
1014172,0
1013863,0
1015387,0
1015389,0
1009006,0
1015600,0
1015923,0
1015911,0
1016125,0
1016191,0
1016509,0
1017130,0
1017356,0
1017359,0
1017131,0
1151614,0
867927,0
867657,0
867626,0
867616,0
962714,0
961861,0
961279,0
1017831,0
1018162,0
1018022,0
1027581,0
1026157,0
1028139,0
1028140,0
1028185,0
1026064,0
1028314,0
1029036,0
1028984,0
1029397,0
1029716,0
1029790,0
1029792,0
1029824,0
1030004,0
1029993,0
1035982,0
1034318,0
1036006,0
1036390,0
1036348,0
1036383,0
1037017,0
1036902,0
1037171,0
1037165,0
1037479,0
1037480,0
1037492,0
1037542,0
1037632,0
1037510,0
1043723,0
1044653,0
1044577,0
1046733,0
1046670,0
1046696,0
1046572,0
1046833,0
1047073,0
1018219,0
1045959,0
1068755,0
1068774,0
1068754,0
1068978,0
1069105,0
1069655,0
1075214,0
1079915,0
1076971,0
1076917,0
1076405,0
1076394,0
1076226,0
1076257,0
1076212,0
1076216,0
1076130,0
1082978,0
1082903,0
1087075,0
1086549,0
1096219,0
1095859,0
1095582,0
1095465,0
1095500,0
1098770,0
1098369,0
1097906,0
1097810,0
1097123,0
1097247,0
1097190,0
1096922,0
1099071,0
1099166,0
1099090,0
1099233,0
1099313,0
1099685,0
1099674,0
1083539,0
1099720,0
1099847,0
1099844,0
1099940,0
1100152,0
1100237,0
1100398,0
1099865,0
1101233,0
1101689,0
1101514,0
1100680,0
1101933,0
1101868,0
1102110,0
1102143,0
1102111,0
1102205,0
1102237,0
1105505,0
1105189,0
1105309,0
1105195,0
1104937,0
1104655,0
1104656,0
1104054,0
1103884,0
1103939,0
1114376,0
1120210,0
1120260,0
1120267,0
1120201,0
1121501,0
1121465,0
1121764,0
1121206,0
1121468,0
1121816,0
1122199,0
1122318,0
1122460,0
1123090,0
1122526,0
1123708,0
1123307,0
1123822,0
1123769,0
1124022,0
1124083,0
1124775,0
1124714,0
1124960,0
1125020,0
1124846,0
1125446,0
1125768,0
1126129,0
1119942,0
1126283,0
1126332,0
1126731,0
1126286,0
1126742,0
1126808,0
1125878,0
1126939,0
1138922,0
1142619,0
1142438,0
1142083,0
1142077,0
1142080,0
1141873,0
1141807,0
1139144,0
1141014,0
1141010,0
1140668,0
1139373,0
1140583,0
1139643,0
1139639,0
1139901,0
1139473,0
1139550,0
1139321,0
1139232,0
1143584,0
1146063,0
1146472,0
1146813,0
1146898,0
1137020,0
1147003,0
1142247,0
1147209,0
1147317,0
1147321,0
1147613,0
1147472,0
1148573,0
1148506,0
1148577,0
1148859,0
1148861,0
1148960,0
1149749,0
1149876,0
1149750,0
1149989,0
1150087,0
1150690,0
1150691,0
867009,32
1177549,11
1150748,0
867045,0
1151190,0
1151027,0
1151383,0
1151474,0
563827,0
562009,0
560311,0
558506,0
716748,0
714682,0
714642,0
712733,0
712589,0
708841,0
753234,0
753194,0
752791,0
752672,0
752585,0
752755,0
752512,0
752462,0
752348,0
752293,0
752274,0
752232,0
752240,0
752212,0
752149,0
752182,0
752072,0
751528,0
751526,0
751472,0
751456,0
751419,0
751379,0
751369,0
751371,0
751203,0
751185,0
751017,0
750990,0
980690,0
976096,0
989822,0
980390,0
996599,0
996925,0
1003644,0
985452,0
988123,0
968685,0
1000140,0
980727,0
980729,0
980756,0
980822,0
980852,0
983106,2
983218,0
983739,0
983883,0
983995,0
984290,0
983562,0
984630,0
984763,0
985477,0
985398,0
985600,0
986053,0
985733,0
986661,0
986441,0
986062,0
987388,0
986584,0
988118,0
988614,0
989079,0
989351,0
989450,0
989548,0
980858,0
989786,0
990230,0
971241,0
990416,0
990493,0
989986,0
990870,0
990714,0
991354,0
991175,0
991917,0
991882,0
992121,2
992682,0
993234,0
992805,0
992806,0
993514,0
993936,0
994218,0
994452,0
995031,0
995018,0
995399,0
995628,0
996163,0
996182,2
996192,0
996595,0
996921,0
972653,0
973405,0
972630,0
998957,2
1002079,0
1002209,0
1002593,0
1003635,0
1003682,0
1003735,0
971454,0
974720,0
975693,2
1003935,0
1004634,0
1004497,0
1004400,0
1004415,0
1004268,0
1004220,0
1004251,0
1004172,0
1004111,2
1004019,0
1003997,0
1006005,0
1006008,0
1008142,0
1007373,0
1007404,0
1006848,0
1005085,0
1009234,0
1009938,0
1009434,0
1010006,0
1010288,0
1010414,0
1010404,0
1009330,0
1011073,0
1011607,0
1011724,0
1012338,0
1012322,0
1012617,0
1012637,0
1012921,0
1012392,0
1015520,0
1015617,0
1015723,0
1015902,0
866757,0
866575,0
865036,0
866379,27
866620,74
866371,0
866243,6
1018057,0
1019565,0
1018548,0
1019913,0
1020116,0
1019666,0
1020406,0
1020117,0
1020700,0
1020704,0
1020733,0
1020932,0
1020885,0
1021214,0
1021096,0
1021299,0
1021550,0
1021595,0
1021972,0
1022868,0
1022698,0
1022841,0
1023088,0
1022956,0
1023383,0
1023419,0
1023703,0
1024054,0
1024559,0
1025079,0
1025081,0
1024967,0
1025389,0
1025275,0
1025567,0
1025603,0
1025938,0
1026067,0
1026239,0
1026860,0
1026796,0
1027492,0
1027493,0
1030122,0
1030118,2
1030279,0
1030573,0
1030360,0
1031227,0
1031341,0
1031231,0
1031573,0
1031467,0
1031575,0
1031803,0
1032020,0
1032012,0
1031311,0
1032156,0
1032290,0
1032264,0
1032643,0
1032102,0
1032487,0
1033563,0
1033559,0
1033561,0
1034150,0
1034203,0
1036286,2
1036521,2
1037778,0
1034519,0
1037586,2
1038897,0
1038647,0
1039022,2
1039118,0
1039329,0
1039417,0
1039272,0
1043523,0
1043514,0
1043537,0
1044006,0
1044017,0
1044044,0
1044370,0
1044314,0
1044351,0
1044409,0
1044487,0
1082340,0
1082088,0
1082087,0
1081389,0
1081680,0
1081524,0
1081318,2
1081242,0
1081248,0
1081159,0
1080840,0
1080927,0
1080734,0
1079916,0
1076161,4
1076381,4
1082877,0
1082619,0
1083705,0
1083743,2
1083136,0
1083802,0
1083745,0
1083890,0
1044485,0
1086280,0
1086753,0
1087191,4
1087209,0
1087278,0
1082888,0
1092862,0
1092558,0
1092562,0
1093177,0
1094495,0
1092785,0
1092515,0
1092469,0
1092453,0
1091878,0
1091708,0
1091506,0
1091463,0
1091504,0
1091382,0
1091291,0
1090078,0
1090732,0
1090235,0
1090297,0
1090239,0
1090101,0
1089954,0
1090001,0
1089947,0
1089209,0
1089228,0
1089694,0
1088892,0
1088640,0
1087959,0
1082097,0
1087877,0
1087829,0
1087839,0
1087586,0
1087552,0
1087539,0
1087535,0
1096224,0
1092384,0
1097585,4
1101730,4
1103330,0
1102943,0
1103023,0
1100395,0
1103215,0
1103195,0
1102778,0
1102731,0
1102645,0
1102532,0
1102513,0
1102363,0
1102269,0
1106400,0
1106436,0
1106783,0
1102287,0
1107022,0
1107015,0
1107014,0
1107328,0
1107345,0
1107348,0
1107895,0
1107917,0
1108026,0
1108839,0
1109133,0
1109137,0
1109360,0
1109955,0
1109361,0
1109956,0
1109990,0
1109951,0
1110319,0
1110253,0
1110702,0
1111692,0
1111694,0
1112624,0
1112639,0
1112614,0
1112612,0
1112615,0
1112626,0
1112635,0
1112781,0
1113226,0
1113429,0
1113134,0
1112995,0
1112734,0
1114137,0
1114236,0
1114568,0
1119009,0
1118789,0
1118602,0
1117613,0
1118235,0
1117051,0
1103055,0
1117522,0
1117507,0
1116761,0
1117379,0
1117350,0
1117336,0
1117096,0
1116549,0
1116662,0
1116747,0
1116713,0
1115242,0
1116559,0
1115468,0
1115162,0
1115175,0
1115012,0
1115049,0
1115029,0
1114909,0
1114784,0
1114753,0
1114703,0
1114705,0
1114677,0
1119213,0
1119543,0
1119784,0
1119749,0
1119885,0
1119906,0
1119952,0
1122272,2
1126297,4
1126562,0
1126680,0
1126992,0
1127140,0
1127164,0
1127213,0
1127226,0
1127503,0
1127579,0
1127576,0
1127650,0
1127767,0
1127724,0
1127984,2
1127989,0
1127936,0
1125416,0
1128429,0
1128039,0
1128606,0
1126573,0
1129236,0
1129322,0
1129376,0
1129323,2
1128708,0
1129539,0
1129691,0
1129695,0
1129700,0
1129723,0
1129507,0
1129510,0
1130508,0
1130756,0
1130512,0
1131071,0
1131161,0
1131568,0
1131817,0
1131789,0
1131712,0
1131925,0
1131928,0
1131929,0
1133025,0
1132377,0
1132942,0
1132963,0
1133523,0
1133739,0
1139171,0
1139107,0
1138754,0
1138773,0
1138755,0
1138699,0
1138685,0
1138601,0
1138005,0
1137526,0
1138132,0
1137704,0
1137349,0
1136788,0
1136983,0
1137038,0
1136993,0
1136986,0
1137016,0
1136770,0
1130077,0
1136183,0
1135921,2
1136550,0
1136530,0
1133829,0
1135637,0
1135647,0
1135208,0
1134602,0
1134611,0
1134726,0
1134605,0
1134522,0
1134143,0
1134125,0
1129562,0
1134096,0
1134057,0
1145518,0
1145515,0
1145145,0
1144371,0
1144317,0
1144217,0
1144169,0
1144102,0
1146025,0
1143519,0
1143776,0
1143506,0
1140587,2
1147229,2
1151097,0
1151502,0
567459,2
750757,0
750754,0
750749,0
750752,0
750683,2
750687,0
750504,0
750494,0
750486,0
750441,2
750474,2
750438,0
749833,0
749815,0
749710,0
749691,0
749649,2
749634,0
749167,0
748851,2
748699,0
748000,0
748617,0
748308,0
748314,0
747935,0
748194,0
748106,0
747596,0
747483,0
790843,0
790707,0
790679,0
789444,0
789148,0
787779,0
787578,0
787279,0
786371,0
786138,0
786053,0
785575,0
785564,0
785448,0
784923,0
784909,0
784516,0
784381,0
784382,0
784363,0
784362,0
784091,0
784179,0
783819,0
866170,0
783751,0
783631,0
865145,0
783379,0
783396,0
783370,0
783301,0
783282,0
783266,0
864481,0
783275,0
783263,0
783223,0
864265,0
783259,0
863952,29
783256,0
783253,0
783228,0
783220,0
783225,0
864434,0
783215,0
783183,0
783209,0
783145,0
783150,0
783189,0
783149,0
783146,0
783144,0
783121,0
783101,0
863476,0
783064,0
832302,0
831604,0
831517,0
831387,0
831139,0
831141,0
863852,536,172
831107,0
831089,0
831080,0
831078,0
830119,0
830986,0
830851,0
829867,0
829898,0
966810,1,576
980803,15
999960,15
980833,593,381
983415,4
983902,1,235
985075,4
985265,122
986122,20
986104,2,116
986351,5
979678,48
986967,17
979886,227
989823,633
990462,1,825
991181,66
992128,1,766
972395,1,396
973665,4
970616,49
969799,86
968747,35
968338,129
967491,1,076
962713,2,744
964669,6
962708,6
997186,61
997388,30
997294,3,936
998631,10
998693,25
998978,1,160
1000504,116
1002785,60
999780,35
1002119,7
1002732,14
984685,2,757
970083,7,557
974126,49
1003973,15,656
1003956,123
1005866,321,945
1004561,27
1007840,8
1008327,9
1008638,6,092
1008651,11
1008993,2,162
1010385,32
1011316,15
1011169,93
1012200,96
1013389,35
1013462,81
1012753,4,315
1015596,8
1016183,8
1017015,14
921787,8
921782,0
921754,0
921289,0
921144,111
962687,80
961602,26
961503,285,993
1017855,23
1017403,607,847
1018016,3,733
1020335,815
1020525,1,779
1021009,859
1023568,306,582
1015597,119
1025870,8
1028354,235
1029623,5
1030074,10
1030209,12
1032234,308,544
1032167,6
1034201,1,149
1036963,1,132
1037088,335
1037342,42
1039148,3
1043499,29
1043625,17
1043896,406
1044182,16
1043904,4
1044566,11
1044619,1
1046624,140
1068638,133
1081065,11,295
1075878,24
1075685,4
1083222,5
1083611,3
1086321,42
1086605,429
1089725,348
1091928,271
1090149,44
1089301,44
1089047,9
1087257,68
1098349,26
1098860,26
1097221,79
1097115,10
1101547,12
1102977,34
1111128,8
1114398,10
1112275,267
1115318,171
1119208,19
1119357,22
1119730,92
1122328,26
1124348,13
1125372,11
1125846,214
1126850,845
1126399,232
1127148,26
1127572,10
1127669,1,429
1125714,67
1125763,71
1129271,34
1129375,8
1129685,53
1131094,11
1139164,35
1138550,26
1138413,19
1137023,266
1136324,576
1136008,8
1144803,49
1144081,10
1141587,369
1139632,11
1145866,7
1141348,184
1146844,5
1146750,5
1146834,3
1147109,5
1147853,23
1148950,70
1149682,10
1149946,7
1149840,3
1150713,116
1150706,164
530406,172,789
567299,186
565669,144
716883,273
710524,42
752508,3
751504,381
751383,35
751375,43
751189,620
750475,23
750430,17
749798,78
749504,59
749346,4
748633,4
748742,907
748689,466
748566,16
748260,1,437
747535,418
747518,528
747482,206
791099,2,348
787456,8
787195,31
785707,30
785620,406
784933,9
784177,42
783841,112
920571,4
783539,1
783136,218
783124,808
783102,93
1151790,0
783100,52
783063,178
773095,22
782995,265
920457,0
831731,294
830957,355
829875,326
920644,0
920793,0
920560,0
920099,0
920369,0
920293,0
920117,0
1149322,0
920067,0
919443,0
919278,4
919948,0
919465,0
919392,0
919574,11
919042,0
918443,0
918497,0
918358,0
918388,0
918128,0
917765,2
918099,0
917673,0
917967,0
917372,0
917835,0
917603,6
917728,0
917597,6
917684,3,312
917407,0
917358,0
1151795,0
915676,0
916467,0
915872,0
915875,0
915674,0
915866,0
915557,0
915560,0
915529,0
914370,0
915199,0
914942,0
914002,0
914182,6
914596,0
913996,1,268
914232,22
913738,0
913576,6
913575,6
913461,0
913380,0
913331,0
913323,0
913271,42
913304,0
913302,0
913265,0
913259,0
913260,0
913240,0
960942,0
960702,0
960721,0
960650,0
960409,23
960193,0
960163,0
959232,0
959962,0
959714,0
959696,0
959455,0
957793,2
958708,0
958702,9
958686,34
958696,0
958200,0
957417,3
957087,0
957244,0
957265,58
957226,0
956925,4,757
957076,0
957044,74
956297,296,580
956813,0
956648,0
956743,185
956649,0
956645,0
956415,0
956263,0
955698,0
948967,0
955684,69
955132,0
954980,0
954870,0
954039,289,413
954807,0
954872,0
954825,45
954797,97
953826,0
954217,0
953588,0
953834,0
953633,18
953638,4
953171,9
953247,0
952960,0
951859,0
952979,0
952278,0
952140,0
952130,0
951908,0
951906,0
951909,0
951047,0
951027,0
1151991,0
1152001,0
1152000,0
1152005,0
1152046,0
1152034,0
1152072,0
1152133,0
1152134,0
1152178,0
1152355,177
1152373,58
1177548,0
1152360,0
1152418,0
1147016,0
1152504,0
1152513,0
1152584,0
1152439,0
1152697,0
1152691,0
1152695,0
1177523,0
1152580,0
1177522,0
1154107,0
1154122,0
1151530,0
1177401,0
1154418,0
1154210,0
1154745,0
1154733,0
1177182,0
1155206,0
1152467,83
1154236,0
1155085,0
1154920,0
1155014,0
1155584,8
1185609,23
1156355,0
1156588,0
1177155,0
1156792,0
1156862,0
1176983,54
1176649,0
1176490,4
1176300,0
1170911,0
1176440,0
1176352,0
1176306,0
1176239,0
1176166,0
1176090,2
1176026,0
1175942,0
1185525,0
1175493,0
1175259,0
1175461,0
1175460,0
1175390,0
1175327,3
1174925,0
1174900,0
1174673,0
1174755,0
1173265,0
1165543,77
1174536,0
1165415,0
1165416,0
1173590,2
1173515,0
1173473,2
1171393,0
1173388,0
1173323,0
1185521,0
1200633,17
1185115,0
1177892,0
1177841,0
1172841,0
1172386,0
1172362,0
1172390,0
1172229,0
1172227,56
1172207,0
1172017,0
1171910,0
1171853,0
1170672,6
1170885,0
1170869,0
1170743,0
1170504,0
1170749,0
1170607,41
1170673,0
1170592,26
1170466,0
1170366,0
1170267,112
1170214,298
1170104,14
1169031,0
1169961,14
1165014,11
1169430,26
1169383,14
1168943,0
1168285,0
1166178,24
1168283,0
1168104,13
1167984,0
1167967,0
1167963,0
1167960,0
1167425,0
1166523,0
1166410,0
1166346,0
1166214,250
1166030,6
1165898,0
1165986,0
1165808,0
1155162,0
1184157,0
1148018,0
1165593,0
1165583,9
1165131,0
1164504,0
1164496,0
1164999,288
1164576,0
1164592,0
1164075,0
1172925,0
1173125,0
1173013,0
1173141,0
1172942,6
1163294,0
1163117,0
1163130,0
1162937,0
1163170,0
1163168,0
1163121,0
1163009,5
1163002,0
1162922,0
1162912,0
1162849,0
1162430,0
1162400,475
1162307,0
1159924,0
1162059,0
1162041,0
1161002,0
1161101,0
1160981,0
1160911,20
1160767,47
1160518,0
1160308,0
1160427,0
1160337,0
1159529,0
1159522,0
1159703,0
1159425,0
1159418,0
1158807,0
1158738,0
1158130,0
1158415,0
1158424,0
1158419,0
1157995,0
1157579,0
1157409,0
1156775,0
1157322,0
1157305,4
1187931,0
1187924,0
1237687,0
1187719,0
1185893,0
1187176,0
1186736,21
1186536,0
1186421,0
1186383,0
1186234,0
1185952,0
1200061,0
1199862,0
1200169,20
1199865,0
1190567,70
1190268,0
1190141,0
1190157,0
1190149,0
1190132,0
1189805,0
1189290,0
1188954,0
1188804,0
1188735,3
1188905,0
1189015,0
1188499,2
1188734,0
1185426,0
1188663,0
1188263,0
1188483,0
1188568,0
1188238,10
1188234,0
1188241,27
1188237,0
1200659,0
1193737,0
1201886,396
1201541,0
1201619,0
1200284,0
1201615,0
1201293,0
1201431,0
1200585,0
1201384,0
1200456,0
1201051,0
1200300,0
1202901,0
1202708,0
1203723,0
1202898,0
1202905,0
1202864,0
1202824,0
1202947,89
1202868,0
1202701,0
1193454,0
1193450,40
1192603,0
1192706,0
1191473,4
1191881,0
1191684,0
1191588,0
1179460,0
1171185,0
1191404,4
1191363,0
1191110,0
1191091,0
1191026,0
1190843,0
1190844,0
1190599,6
1202659,0
1202454,0
1202429,0
1202158,25
1211312,0
1211076,0
1205249,0
1205276,0
1205255,0
1205145,0
1204955,11
1205029,0
1204804,0
1204806,2
1204805,148
1204592,0
1204593,0
1204571,280
1180676,0
1180672,6
1179983,0
1179926,0
1179360,7
1179684,0
1179787,0
1179471,7
1179300,0
1179104,0
1204358,0
1178994,0
1178917,0
1178810,0
1178772,0
1178690,0
1178715,0
1178513,0
1178473,0
1178352,0
1178424,2
1178413,138
1178385,137
1178384,0
1178275,0
1178296,0
1177616,11
1178082,0
1202142,0
1204343,7
1204239,0
1210683,0
1209539,145,758
1211011,0
1210855,0
1210816,0
1210114,0
1210565,0
1210612,0
1210652,0
1209897,21
1210346,0
1209712,0
1208793,4
1196597,0
1197079,0
1197021,0
1209795,0
1196973,9
1196894,0
1196595,0
1196607,5
1196627,4
1196628,0
1196309,0
1196308,37
1196340,0
1209925,0
1195501,0
1194807,0
1195717,0
1195428,6
1195503,0
1194852,104
1194745,19
1194149,0
1194337,794
1193983,0
1194179,0
1193946,0
1191418,2
1194031,0
1194053,12
1193981,0
1209794,0
1209139,0
1208399,0
1208919,0
1205615,0
1205360,0
1205611,0
1205642,122
1205304,5
1182734,0
1181679,0
1181612,0
1179339,69
1181413,0
1181052,0
1181168,0
1181155,0
1181063,0
1181064,9
1208261,3
1207957,0
1208018,0
1207992,0
1207838,0
1206259,0
1207773,0
1204772,0
1207383,0
1207275,0
1207297,992
1207019,0
1207016,0
1206964,0
1205769,0
1206602,0
1206177,0
1205892,238
1237515,0
1229010,0
1229007,12
1226870,5
1227328,0
1226913,0
1226963,0
1226874,0
1226358,3
1226623,0
1184116,0
1183983,0
1183627,0
1183634,18
1183626,0
1183315,0
1226465,97
1183374,0
1183371,0
1183356,0
1183155,0
1225930,0
1225929,0
1224581,3
1225016,0
1224626,0
1224453,0
1224232,31
1224050,0
1224090,0
1223663,12
1237863,0
1223548,0
1223322,0
1222939,0
1222926,19
1222371,0
1222312,274
1222233,0
1221233,0
1221128,0
1221850,0
1221725,28
1221687,0
1199854,0
1199959,0
1199742,0
1199706,0
1199743,0
1199694,0
1198989,0
1199536,5
1199644,0
1199276,0
1198988,0
1198696,0
1199457,11
1199275,4
1193645,184
1198786,0
1198693,25
1197902,0
1197822,0
1197009,9
1197254,0
1197204,0
1220572,0
1221229,0
1219151,0
1219150,0
1219163,0
1217624,0
1218607,0
1217905,13
1217955,0
1217723,2
1217877,0
1217472,6
1214865,0
1217327,0
1217204,0
1217202,0
1216939,5
1216832,0
1216423,0
1216091,0
1216013,0
1215787,0
1215786,42
1210249,903
1215569,0
1215421,0
1215358,0
1214663,0
1215073,0
1215068,0
1214548,0
1214448,0
1214500,0
1213736,0
1213666,4
1213080,0
1213079,0
1212623,0
1212617,0
1240463,0
1232517,0
1232515,0
1231264,0
1231201,143
1231483,0
1231335,0
1231172,0
1227326,0
1230510,0
1230553,0
1230446,3
1230150,4
1230157,0
1230052,0
1230031,25
1230035,0
1229450,0
1208785,0
1229485,1,051
1202110,0
1229235,0
1239850,0
1238805,0
1236493,0
1239183,0
1238363,0
1238322,0
1238300,0
1238219,0
1243300,0
1243147,724
1238521,0
1243052,124
1238317,9
1220489,4
1220168,0
1219859,0
1219197,0
1242284,0
1241361,0
1241667,0
1241413,0
1241033,0
1241095,0
1237514,0
1236779,0
1236896,0
1236766,0
1236232,0
1236287,0
1235402,0
1235438,0
1235508,0
1235408,0
1235405,0
1233371,80
1234652,0
1234907,0
1234909,0
1234648,0
1234793,36
1234087,0
1231809,0
1233465,0
1233305,0
1233097,0
1233272,0
1232706,0
1232597,0
1231742,0
1246171,18
1246073,0
1241705,0
1244319,50
1244613,0
1244829,54,131
1244598,0
1244198,3
1244072,0
1244107,0
1244086,0
1244067,0
1243803,0
1243280,0
1243217,3
1243349,0
1249259,0
1249187,0
1249142,0
1248683,0
1248749,10
1248758,0
1248660,339
1248151,13
1245960,0
1246965,17
1246877,0
1244597,0
1246639,0
1246109,15
1246067,0
1246285,0
1246276,0
1251808,588
1251616,0
1251524,58
1251691,0
1251641,40
1251472,594
1246653,0
1251210,0
1251063,240
1248940,437
1251178,0
1251142,359
1251037,0
1250877,0
1249327,0
1250866,4
1250718,0
1248405,0
1250472,5
1249425,0
1249925,0
1249554,0
1247525,0
1249390,0
1249376,5
1253145,0
1253112,5
1252841,0
1252712,0
1251893,0
1251839,1,441
1253222,0
1254762,0
1254438,873
1254365,0
1253653,0
1254302,0
1254051,0
1253928,0
1256167,0
1256085,0
1256054,0
1256047,0
1256045,0
1256046,3
1256039,0
1256032,0
1256017,0
1256010,18
1256016,4
1255998,190
1255972,0
1255916,0
1254926,0
1255882,0
1255513,9
1255366,0
1255551,46
1255458,28
1254280,0
1255459,0
1255403,2
1258579,0
1258325,152
1258445,0
1258404,0
1258417,134
1258308,0
1258264,0
1257729,83
1257698,0
1257594,0
1257655,0
1257635,0
1257327,0
1257308,9
1257346,9
1256839,0
1256890,159
1254739,1
1256709,0
1256332,0
1256178,0
1256327,4
1256315,0
1256336,38
1261283,154
1263330,12
1262889,0
1262722,0
1262457,0
1261917,0
1259441,0
1261219,0
1261683,10
1261747,0
1261618,0
1261627,0
1261503,4,594
1261345,0
1261486,0
1261450,0
1260126,0
1261339,7
1261342,0
1261134,0
1261280,0
1260893,0
1260885,0
1261001,0
1259270,0
1260789,0
1260650,0
1259516,4
1259943,0
1259582,0
1259472,0
1259607,0
1259280,0
1259192,0
1259093,0
1258888,0
1258812,0
1258814,0
1258300,0
1257922,0
1263622,24
1259091,2
1263959,0
1264052,0
1264299,0
1264297,0
1264762,0
1265114,0
1265553,0
