ROWNUM;CHANGEID;IFABANDONED;LOC;NUMVERSIONS
20,001;870510;0;4;3
20,002;870517;0;23;2
20,003;870560;1;75;3
20,004;870603;0;866;2
20,005;870607;0;0;1
20,006;870608;1;0;1
20,007;870617;0;0;1
20,008;870632;0;1;3
20,009;870638;0;171;2
20,010;870641;0;0;1
20,011;870666;0;144;2
20,012;870667;1;0;1
20,013;870679;0;11;2
20,014;870705;0;13;1
20,015;870711;0;59;2
20,016;870723;1;41;3
20,017;870749;0;38;3
20,018;870765;0;165;2
20,019;870772;0;17;5
20,020;870800;0;23;1
20,021;870836;0;124;2
20,022;870854;0;2;1
20,023;870860;0;2;1
20,024;870872;0;21;2
20,025;870883;0;51;2
20,026;870888;0;8;3
20,027;870901;0;187;3
20,028;870925;0;2;1
20,029;870927;1;0;1
20,030;870929;0;15;3
20,031;870938;0;2;2
20,032;870946;0;0;1
20,033;870947;0;67;5
20,034;870998;0;0;1
20,035;871013;1;0;1
20,036;871050;1;58;1
20,037;871051;0;2;1
20,038;871058;0;410;3
20,039;871069;0;2;2
20,040;871102;0;37;2
20,041;871133;0;0;1
20,042;871137;0;0;1
20,043;871139;1;0;1
20,044;871141;1;0;1
20,045;871151;0;83;2
20,046;871166;1;2;1
20,047;871175;0;10;2
20,048;871188;0;64;3
20,049;871195;0;102;14
20,050;871237;0;459;7
20,051;871262;0;16;6
20,052;871271;0;39;1
20,053;871294;1;0;1
20,054;871350;0;32;3
20,055;871381;0;979;3
20,056;871395;0;0;1
20,057;871396;0;80;4
20,058;871527;1;0;1
20,059;871694;0;0;1
20,060;871793;0;21;2
20,061;871866;0;150;1
20,062;871869;0;0;1
20,063;871877;0;2;1
20,064;871881;1;0;1
20,065;871896;1;6;13
20,066;871999;0;8;1
20,067;872003;0;807;6
20,068;872013;0;2;1
20,069;872029;1;42;1
20,070;872320;0;9;3
20,071;872329;0;36;4
20,072;872338;0;336;5
20,073;872342;0;12;1
20,074;872635;0;394;6
20,075;872642;1;63;3
20,076;872665;0;0;1
20,077;872669;0;0;1
20,078;872676;0;102;3
20,079;872679;0;18;3
20,080;872688;0;71;5
20,081;872691;0;9;2
20,082;872692;0;7;2
20,083;872693;0;3;5
20,084;872707;0;0;1
20,085;873073;0;8;1
20,086;873080;0;7;2
20,087;873092;0;4;3
20,088;873106;0;6;2
20,089;873119;0;0;1
20,090;873155;1;2;2
20,091;873163;1;2;1
20,092;873168;0;4;2
20,093;873170;1;0;1
20,094;873171;1;2;2
20,095;873173;0;0;1
20,096;873174;0;0;1
20,097;873209;0;2;1
20,098;873220;1;4;1
20,099;873230;0;0;1
20,100;873231;1;0;1
20,101;873234;1;2;1
20,102;873249;0;0;2
20,103;873250;0;14;3
20,104;873260;1;0;1
20,105;873261;0;2;1
20,106;873262;1;2;1
20,107;873317;0;4;1
20,108;873393;1;0;1
20,109;873411;0;0;1
20,110;873420;0;0;1
20,111;873427;0;0;1
20,112;873429;0;91;3
20,113;873439;0;22;1
20,114;873455;1;10;2
20,115;873497;0;0;1
20,116;873502;0;0;1
20,117;873604;0;9;2
20,118;873664;0;2;1
20,119;873680;0;12;1
20,120;873699;0;0;1
20,121;873711;0;2;2
20,122;873744;0;10;1
20,123;873746;0;9;3
20,124;873761;0;43;1
20,125;873779;0;19;2
20,126;873869;1;6;2
20,127;873887;0;2;3
20,128;873901;0;0;1
20,129;873961;0;37;8
20,130;873972;1;0;1
20,131;874093;0;71;2
20,132;874108;0;0;1
20,133;874121;0;9;1
20,134;874128;1;2;1
20,135;874145;1;2;1
20,136;874242;0;8;2
20,137;874251;0;70;2
20,138;874313;0;9;2
20,139;874352;0;33;4
20,140;874362;0;17;3
20,141;874388;0;2;1
20,142;874540;0;64;5
20,143;874555;0;1;1
20,144;874556;1;24;1
20,145;874646;0;2;1
20,146;874647;0;2;1
20,147;874648;0;1,290;1
20,148;874649;0;284;1
20,149;874650;0;278;1
20,150;874673;0;7,537;1
20,151;874687;0;6;1
20,152;874711;0;0;1
20,153;874754;0;2;1
20,154;874762;0;82;3
20,155;874801;1;0;1
20,156;874858;0;35;2
20,157;874890;0;48;3
20,158;874917;0;0;1
20,159;875094;0;19;1
20,160;875244;0;5;2
20,161;879348;1;9;1
20,162;882604;1;33;2
20,163;887510;1;266;1
20,164;887999;1;851;8
20,165;893094;1;9;4
20,166;894160;1;123;1
20,167;895270;0;98;18
20,168;896630;1;196;1
20,169;902476;1;176;11
20,170;904030;0;741;17
20,171;905257;1;230;5
20,172;907101;0;1,075;18
20,173;907459;0;725;22
20,174;908396;0;58;5
20,175;908407;0;36;12
20,176;908641;0;2;5
20,177;908783;0;140;15
20,178;908797;0;19;3
20,179;909254;0;1,033;20
20,180;909337;0;28;9
20,181;909821;0;132;9
20,182;911095;1;94;1
20,183;911223;1;372;27
20,184;911276;1;21;4
20,185;911339;1;135;11
20,186;911350;0;1,932;11
20,187;911461;0;46;8
20,188;911480;0;7;4
20,189;911482;0;84;4
20,190;911484;0;93;9
20,191;911505;0;147;9
20,192;911536;0;70;18
20,193;911699;0;266;6
20,194;911742;0;115;9
20,195;911890;0;456;5
20,196;911985;1;0;1
20,197;912018;0;83;3
20,198;912044;0;15;7
20,199;912126;1;0;1
20,200;912129;1;0;2
20,201;912177;0;48;12
20,202;912239;1;0;2
20,203;912267;0;8;2
20,204;912307;0;51;2
20,205;912348;0;8,062;9
20,206;912412;0;34;2
20,207;912427;0;80;6
20,208;912467;0;150;2
20,209;912497;1;20;3
20,210;912565;0;2,812;7
20,211;912632;0;300;3
20,212;912687;1;18;4
20,213;912704;1;0;1
20,214;912724;0;166;3
20,215;912760;0;96;4
20,216;912810;0;523;4
20,217;912861;0;35;11
20,218;912872;0;430;2
20,219;912921;1;6;1
20,220;912930;0;155;3
20,221;912956;1;122;1
20,222;913001;1;40;2
20,223;913064;1;505;4
20,224;913089;0;17;5
20,225;913107;0;8;2
20,226;913114;0;9;2
20,227;913120;0;6;5
20,228;913128;0;6;5
20,229;913169;1;26;2
20,230;913181;0;9;5
20,231;913183;0;55;3
20,232;913184;0;2;4
20,233;913201;0;14;2
20,234;913202;0;76;2
20,235;913204;0;6;3
20,236;913219;0;48;2
20,237;913221;0;58;4
20,238;913232;0;7;2
20,239;913233;0;6;2
20,240;913234;0;10;2
20,241;913240;0;0;1
20,242;913246;0;6;1
20,243;913247;1;0;2
20,244;913252;0;7;2
20,245;913255;0;171;5
20,246;913256;0;8;6
20,247;913258;0;3;3
20,248;913259;0;0;1
20,249;913260;0;0;1
20,250;913262;0;149;5
20,251;913265;0;0;2
20,252;913271;0;42;3
20,253;913278;0;701;9
20,254;913297;1;0;2
20,255;913302;0;0;1
20,256;913304;0;0;1
20,257;913323;0;0;2
20,258;913331;0;0;1
20,259;913335;1;12;2
20,260;913349;0;96;1
20,261;913353;0;92;6
20,262;913354;0;33;1
20,263;913363;0;92;2
20,264;913378;1;12;1
20,265;913380;0;0;1
20,266;913381;1;122;1
20,267;913461;0;0;2
20,268;913468;0;85;2
20,269;913511;1;30;2
20,270;913522;0;12;7
20,271;913570;1;0;1
20,272;913575;0;6;1
20,273;913576;0;6;1
20,274;913596;0;160;1
20,275;913600;0;142;3
20,276;913620;1;0;2
20,277;913641;0;9;2
20,278;913646;1;38;6
20,279;913671;0;22;2
20,280;913672;1;684;8
20,281;913702;0;41;3
20,282;913722;1;6;1
20,283;913738;0;0;1
20,284;913757;1;22;1
20,285;913758;1;0;1
20,286;913772;0;2;3
20,287;913794;0;16;1
20,288;913823;0;72;4
20,289;913833;0;82;15
20,290;913836;0;9;3
20,291;913842;0;266;2
20,292;913845;1;665;2
20,293;913903;0;15;4
20,294;913904;1;324;2
20,295;913940;0;6;3
20,296;913965;1;0;1
20,297;913967;0;9;5
20,298;913970;1;94;1
20,299;913978;0;112;1
20,300;913996;0;1,268;2
20,301;914002;0;0;1
20,302;914070;0;33;2
20,303;914080;0;653;6
20,304;914081;0;514;13
20,305;914112;0;16;2
20,306;914130;1;22;1
20,307;914142;1;25;4
20,308;914154;0;12;6
20,309;914162;0;143;9
20,310;914182;0;6;2
20,311;914196;0;322;10
20,312;914197;0;342;13
20,313;914212;1;1,713;1
20,314;914232;0;22;1
20,315;914272;1;4;6
20,316;914330;0;21;4
20,317;914358;0;265;2
20,318;914365;0;2;3
20,319;914370;0;0;1
20,320;914381;0;470;2
20,321;914413;0;101;2
20,322;914417;1;5;1
20,323;914421;0;43;3
20,324;914429;1;23;1
20,325;914473;1;3,130;8
20,326;914501;0;31;4
20,327;914596;0;0;1
20,328;914597;0;16;2
20,329;914617;1;134;7
20,330;914633;0;134;6
20,331;914674;0;22;2
20,332;914699;0;71;6
20,333;914703;1;551;8
20,334;914803;0;134;6
20,335;914819;0;281;5
20,336;914942;0;0;1
20,337;915037;0;21;5
20,338;915067;0;176;3
20,339;915092;0;316;2
20,340;915093;1;0;1
20,341;915095;1;6;1
20,342;915099;1;122;1
20,343;915101;1;5;1
20,344;915199;0;0;1
20,345;915251;0;9;2
20,346;915267;0;50;3
20,347;915361;0;32;3
20,348;915379;0;38;3
20,349;915383;0;7;2
20,350;915393;0;16;4
20,351;915423;0;29;3
20,352;915435;0;71;2
20,353;915445;1;25;9
20,354;915458;0;1;2
20,355;915468;0;16;2
20,356;915476;0;13;4
20,357;915486;0;109;8
20,358;915491;0;91;4
20,359;915498;0;32;3
20,360;915500;0;9;3
20,361;915503;0;14;3
20,362;915529;0;0;1
20,363;915531;1;38;4
20,364;915536;0;722;2
20,365;915550;0;2;3
20,366;915551;1;2;1
20,367;915557;0;0;1
20,368;915560;0;0;1
20,369;915573;0;149;7
20,370;915601;0;4;5
20,371;915618;1;0;1
20,372;915646;0;2;1
20,373;915648;1;0;2
20,374;915653;1;0;1
20,375;915674;0;0;1
20,376;915676;0;0;2
20,377;915726;0;12;2
20,378;915740;1;693;1
20,379;915760;0;55;4
20,380;915770;0;97;1
20,381;915777;0;667;14
20,382;915809;0;6;2
20,383;915810;0;10;4
20,384;915826;0;39;4
20,385;915866;0;0;1
20,386;915867;1;162;5
20,387;915870;0;16;5
20,388;915872;0;0;1
20,389;915875;0;0;1
20,390;915899;1;3,146;1
20,391;916307;0;48;5
20,392;916355;0;113;3
20,393;916373;0;618;5
20,394;916381;0;1,504;2
20,395;916399;0;8;1
20,396;916400;0;286;12
20,397;916412;0;38;1
20,398;916454;1;0;2
20,399;916467;0;0;1
20,400;916481;1;0;2
20,401;916487;0;6;2
20,402;916496;0;37;2
20,403;916511;0;1;1
20,404;916529;0;160;5
20,405;916537;1;732;7
20,406;916580;0;549;3
20,407;916602;0;81;3
20,408;916640;0;28;2
20,409;916649;0;19;6
20,410;916651;0;2;3
20,411;916728;0;9;2
20,412;916743;0;34;2
20,413;916748;1;2,997;3
20,414;916756;1;357;3
20,415;916821;0;9;4
20,416;916865;0;42;2
20,417;916867;0;6;2
20,418;916902;1;47;3
20,419;916939;0;10;2
20,420;916947;0;19;1
20,421;917002;0;10;1
20,422;917025;0;10;3
20,423;917054;0;17;7
20,424;917060;1;88;1
20,425;917061;1;83;1
20,426;917075;0;90;3
20,427;917144;0;5;3
20,428;917189;0;59;3
20,429;917219;0;252;3
20,430;917251;0;495;2
20,431;917253;1;16;1
20,432;917270;0;19;3
20,433;917290;0;234;1
20,434;917299;0;424;3
20,435;917310;0;81;3
20,436;917350;1;0;1
20,437;917358;0;0;1
20,438;917372;0;0;1
20,439;917379;0;1,055;5
20,440;917407;0;0;1
20,441;917423;0;132;2
20,442;917518;1;10;1
20,443;917534;1;122;1
20,444;917538;0;2;1
20,445;917539;0;12;4
20,446;917540;0;46;6
20,447;917552;0;195;8
20,448;917553;0;81;1
20,449;917554;0;58;1
20,450;917567;0;83;2
20,451;917597;0;6;1
20,452;917601;1;6;1
20,453;917603;0;6;1
20,454;917621;0;2;2
20,455;917668;1;0;1
20,456;917670;0;58;1
20,457;917673;0;0;1
20,458;917684;0;3,312;1
20,459;917698;0;32;6
20,460;917703;0;3,375;1
20,461;917725;0;240;5
20,462;917728;0;0;1
20,463;917729;0;3,375;1
20,464;917736;1;0;2
20,465;917754;0;3,375;1
20,466;917755;0;6;4
20,467;917762;0;66;6
20,468;917763;0;7;4
20,469;917765;0;2;5
20,470;917835;0;0;1
20,471;917860;0;150;2
20,472;917861;0;9;3
20,473;917866;0;9;2
20,474;917869;0;473;8
20,475;917902;0;10;3
20,476;917907;0;11;3
20,477;917924;0;1;3
20,478;917944;0;2;2
20,479;917957;0;90;1
20,480;917961;0;10;1
20,481;917966;1;0;1
20,482;917967;0;0;1
20,483;917969;1;0;1
20,484;917991;0;104;3
20,485;918004;0;4;2
20,486;918007;1;9;1
20,487;918043;0;1;2
20,488;918044;1;0;1
20,489;918046;0;170;4
20,490;918087;1;71;27
20,491;918094;0;42;2
20,492;918099;0;0;1
20,493;918128;0;0;1
20,494;918129;1;0;1
20,495;918134;1;0;1
20,496;918146;0;7;3
20,497;918211;0;3;2
20,498;918228;0;3;2
20,499;918232;0;2;3
20,500;918248;0;2;2
20,501;918258;0;3;3
20,502;918260;0;151;20
20,503;918312;0;2,284;7
20,504;918318;0;38;3
20,505;918330;1;9;2
20,506;918333;0;398;2
20,507;918334;0;29;5
20,508;918356;1;0;1
20,509;918358;0;0;1
20,510;918363;1;0;1
20,511;918367;0;186;2
20,512;918388;0;0;1
20,513;918397;0;2;1
20,514;918416;0;4;2
20,515;918433;0;88;3
20,516;918443;0;0;1
20,517;918458;1;0;5
20,518;918462;0;47;1
20,519;918464;0;2;2
20,520;918466;1;0;1
20,521;918479;0;62;2
20,522;918492;0;54;2
20,523;918497;0;0;1
20,524;918532;0;402;2
20,525;918578;0;44;1
20,526;918584;0;19;4
20,527;918616;0;3;3
20,528;918627;0;4;3
20,529;918657;1;2;1
20,530;918660;0;180;3
20,531;918685;0;1,129;2
20,532;918702;0;7;2
20,533;918731;1;59;2
20,534;918788;0;72;5
20,535;918792;0;3;4
20,536;918800;0;19;1
20,537;918821;1;0;2
20,538;918830;1;2;4
20,539;918873;0;12;2
20,540;918894;0;17;4
20,541;918927;0;6;3
20,542;918928;1;37;2
20,543;918936;0;4;3
20,544;918954;0;41;13
20,545;918985;1;0;1
20,546;918988;0;2;1
20,547;918997;1;0;1
20,548;919002;0;5;3
20,549;919025;0;12;3
20,550;919042;0;0;1
20,551;919055;1;21;1
20,552;919068;0;1,074;6
20,553;919069;0;11;3
20,554;919118;0;11;2
20,555;919134;0;2;3
20,556;919158;0;29;2
20,557;919165;0;788;4
20,558;919168;0;38;1
20,559;919182;0;21;1
20,560;919194;1;0;1
20,561;919201;0;32;2
20,562;919208;0;186;4
20,563;919209;0;81;2
20,564;919210;0;37;2
20,565;919225;0;36;4
20,566;919272;0;24;6
20,567;919278;0;4;2
20,568;919287;1;0;1
20,569;919296;0;4;1
20,570;919320;0;30;7
20,571;919336;0;408;7
20,572;919386;1;0;1
20,573;919391;0;129;6
20,574;919392;0;0;2
20,575;919443;0;0;1
20,576;919449;0;93;2
20,577;919465;0;0;2
20,578;919512;0;5;1
20,579;919555;0;39;4
20,580;919568;1;10;1
20,581;919574;0;11;1
20,582;919582;1;8;1
20,583;919583;1;122;1
20,584;919588;1;8;1
20,585;919629;0;4;2
20,586;919675;0;87;9
20,587;919731;1;0;2
20,588;919732;0;4;5
20,589;919759;0;51;2
20,590;919779;0;1;2
20,591;919810;0;81;7
20,592;919846;0;62;2
20,593;919893;0;5;2
20,594;919905;0;8;6
20,595;919911;0;1;2
20,596;919933;1;0;1
20,597;919947;0;601;6
20,598;919948;0;0;1
20,599;919971;1;14;1
20,600;919974;0;24;11
20,601;919977;0;12;7
20,602;919984;1;8;4
20,603;919991;0;1,446;2
20,604;919993;0;62;2
20,605;919999;0;10;3
20,606;920001;1;19;2
20,607;920010;0;39;2
20,608;920040;0;346;1
20,609;920066;1;0;1
20,610;920067;0;0;1
20,611;920073;1;0;1
20,612;920084;0;3;2
20,613;920094;0;46;1
20,614;920099;0;0;1
20,615;920117;0;0;1
20,616;920132;1;0;1
20,617;920289;0;151;2
20,618;920293;0;0;1
20,619;920298;1;4,460;1
20,620;920344;1;5;2
20,621;920355;0;194;3
20,622;920363;0;29;3
20,623;920369;0;0;1
20,624;920432;0;14;5
20,625;920440;0;8;2
20,626;920457;0;0;1
20,627;920465;0;405;3
20,628;920489;0;9;1
20,629;920495;0;2;1
20,630;920545;0;2;2
20,631;920546;1;135;1
20,632;920560;0;0;1
20,633;920566;0;6;1
20,634;920571;0;4;2
20,635;920644;0;0;1
20,636;920686;0;2;2
20,637;920697;0;6;2
20,638;920762;0;37;3
20,639;920764;1;107;3
20,640;920782;0;164;1
20,641;920792;0;12;1
20,642;920793;0;0;1
20,643;920801;0;41;4
20,644;920872;0;833;4
20,645;920895;0;62;2
20,646;920922;1;1,710;1
20,647;921108;0;5;3
20,648;921144;0;111;1
20,649;921191;0;13;2
20,650;921289;0;0;1
20,651;921297;0;20;1
20,652;921336;0;2;1
20,653;921359;0;2;1
20,654;921521;1;0;1
20,655;921550;0;10;2
20,656;921754;0;0;1
20,657;921782;0;0;1
20,658;921787;0;8;1
20,659;921870;0;9;1
20,660;921882;0;84;2
20,661;922002;0;22;3
20,662;922028;0;281;3
20,663;922051;0;2;3
20,664;922063;0;7;3
20,665;922070;0;6;2
20,666;922316;1;10;1
20,667;922444;1;535;6
20,668;923166;0;426;15
20,669;925440;1;66;1
20,670;925931;1;3,436;6
20,671;932990;0;579;9
20,672;934532;0;29;15
20,673;934587;0;631;10
20,674;935977;0;752;3
20,675;938273;1;131;1
20,676;939325;1;1;1
20,677;939521;1;307;7
20,678;939561;0;1,697;66
20,679;940331;0;133;11
20,680;941733;0;27;7
20,681;942318;0;90;19
20,682;942715;0;3,001;2
20,683;942827;1;27;2
20,684;943073;0;2;3
20,685;945144;1;8;1
20,686;945709;0;934;37
20,687;945848;1;383;4
20,688;945974;1;107;7
20,689;946148;1;13;3
20,690;946376;1;1;1
20,691;946411;0;13;5
20,692;946683;0;70;5
20,693;946836;0;1,194;31
20,694;947746;1;4,741;1
20,695;947998;0;30;8
20,696;948042;1;459;12
20,697;948178;1;330;7
20,698;948188;1;329;9
20,699;948471;1;162;2
20,700;948472;1;13;3
20,701;948967;0;0;4
20,702;949280;0;675;19
20,703;949872;0;1,211;8
20,704;949893;0;1,387;8
20,705;949916;0;157;7
20,706;950057;0;1,349;7
20,707;950089;0;28;3
20,708;950112;0;43;4
20,709;950156;0;965;6
20,710;950321;0;647;22
20,711;950476;0;10;5
20,712;950502;0;68;6
20,713;950652;1;276;3
20,714;950765;0;198;5
20,715;950837;0;32;5
20,716;950905;0;10;2
20,717;950978;0;55;2
20,718;951027;0;0;1
20,719;951047;0;0;1
20,720;951056;0;40;3
20,721;951111;0;224;20
20,722;951191;1;272;6
20,723;951249;0;197;11
20,724;951297;0;539;5
20,725;951370;0;2;1
20,726;951425;0;101;4
20,727;951504;0;270;17
20,728;951554;0;1,099;7
20,729;951579;0;935;2
20,730;951678;0;21;2
20,731;951695;0;21;1
20,732;951776;0;12;1
20,733;951777;0;6;1
20,734;951803;1;702;6
20,735;951806;1;1,978;5
20,736;951812;0;4;1
20,737;951815;0;712;8
20,738;951821;0;787;3
20,739;951824;0;1,219;2
20,740;951829;0;144;1
20,741;951831;0;62;3
20,742;951833;1;10;1
20,743;951837;0;14;2
20,744;951838;0;233;4
20,745;951839;0;24;4
20,746;951843;0;20;7
20,747;951844;0;6;3
20,748;951845;1;200;1
20,749;951848;0;30;2
20,750;951853;1;0;1
20,751;951859;0;0;3
20,752;951861;0;1;3
20,753;951873;0;4;1
20,754;951877;0;49;1
20,755;951887;1;45;1
20,756;951890;0;33;3
20,757;951892;1;0;1
20,758;951895;0;9;1
20,759;951902;0;315;1
20,760;951906;0;0;1
20,761;951908;0;0;1
20,762;951909;0;0;1
20,763;951989;0;5;2
20,764;952002;1;0;1
20,765;952012;0;419;6
20,766;952063;0;834;7
20,767;952071;1;307;1
20,768;952081;1;337;2
20,769;952123;0;5;3
20,770;952126;0;158;10
20,771;952130;0;0;1
20,772;952140;0;0;1
20,773;952190;0;15;1
20,774;952192;0;2;1
20,775;952208;0;200;2
20,776;952237;1;4;1
20,777;952252;0;18;2
20,778;952278;0;0;1
20,779;952292;1;1,247;1
20,780;952322;0;11;3
20,781;952396;0;237;2
20,782;952408;0;852;2
20,783;952441;0;10;1
20,784;952448;0;37;2
20,785;952505;0;91;12
20,786;952525;0;509;2
20,787;952531;0;3;2
20,788;952538;0;316;1
20,789;952580;0;35;6
20,790;952657;0;179;1
20,791;952658;1;158;1
20,792;952667;0;1;1
20,793;952668;0;16;1
20,794;952674;0;24;2
20,795;952678;0;9;3
20,796;952687;0;24;3
20,797;952688;0;18;2
20,798;952705;0;10;2
20,799;952747;0;3;1
20,800;952780;0;101;2
20,801;952785;0;231;6
20,802;952892;0;85;1
20,803;952944;0;233;1
20,804;952958;0;2;1
20,805;952960;0;0;2
20,806;952965;0;83;1
20,807;952974;1;2,026;1
20,808;952979;0;0;2
20,809;952992;1;307;1
20,810;953012;1;78;1
20,811;953014;1;0;1
20,812;953031;0;660;1
20,813;953037;0;405;4
20,814;953049;0;41;1
20,815;953065;0;12;3
20,816;953115;0;15;1
20,817;953125;1;77;5
20,818;953137;1;2;1
20,819;953138;1;2,033;1
20,820;953146;0;2,033;3
20,821;953151;0;145;3
20,822;953152;0;65;3
20,823;953153;0;39;3
20,824;953158;0;119;7
20,825;953161;0;49;1
20,826;953164;0;63;5
20,827;953171;0;9;1
20,828;953173;0;239;8
20,829;953244;0;2;1
20,830;953247;0;0;1
20,831;953248;0;12;1
20,832;953249;0;6;3
20,833;953264;1;0;1
20,834;953280;0;13;3
20,835;953289;0;103;1
20,836;953301;0;14;4
20,837;953350;0;472;3
20,838;953368;0;62;5
20,839;953379;1;0;1
20,840;953428;0;15;2
20,841;953457;0;14;3
20,842;953495;0;20;4
20,843;953545;1;10;2
20,844;953546;0;12;1
20,845;953551;1;10;1
20,846;953555;0;9;4
20,847;953573;0;12;4
20,848;953576;0;8;4
20,849;953577;0;22;2
20,850;953588;0;0;1
20,851;953589;0;303;5
20,852;953591;1;0;3
20,853;953597;0;299;1
20,854;953633;0;18;1
20,855;953638;0;4;1
20,856;953641;0;303;5
20,857;953652;0;22;1
20,858;953661;0;2;2
20,859;953670;0;377;5
20,860;953729;0;17;2
20,861;953746;0;351;6
20,862;953759;1;1,080;1
20,863;953762;0;427;5
20,864;953801;0;61;8
20,865;953815;0;221;1
20,866;953826;0;0;3
20,867;953834;0;0;1
20,868;953837;1;265;2
20,869;953848;0;63;3
20,870;953861;0;181;7
20,871;953863;0;852;2
20,872;953897;0;23;4
20,873;953907;1;0;1
20,874;953922;0;33;1
20,875;953928;0;288;3
20,876;953949;0;623;17
20,877;953988;0;17;5
20,878;953997;0;13;2
20,879;954034;0;245;2
20,880;954163;0;14;1
20,881;954217;0;0;1
20,882;954227;0;723;2
20,883;954308;0;121;7
20,884;954335;0;21;3
20,885;954343;0;136;1
20,886;954355;0;377;2
20,887;954444;0;156;2
20,888;954469;1;185;1
20,889;954635;0;19;2
20,890;954711;0;280;5
20,891;954715;1;2,026;1
20,892;954739;0;337;2
20,893;954795;1;95;1
20,894;954797;0;97;1
20,895;954800;1;0;1
20,896;954804;1;0;1
20,897;954807;0;0;1
20,898;954823;1;45;1
20,899;954825;0;45;1
20,900;954838;0;3;2
20,901;954868;0;206;1
20,902;954870;0;0;1
20,903;954871;1;819;4
20,904;954872;0;0;1
20,905;954875;1;470;1
20,906;954918;1;608;15
20,907;954923;0;30;3
20,908;954964;0;3,806;7
20,909;954970;1;348;4
20,910;954980;0;0;1
20,911;954985;0;59;4
20,912;954993;0;282;8
20,913;955006;0;6;3
20,914;955014;0;491;5
20,915;955018;0;100;5
20,916;955019;0;26;4
20,917;955025;0;7;1
20,918;955026;0;37;3
20,919;955044;0;394;2
20,920;955048;0;6;3
20,921;955055;0;1,758;9
20,922;955062;1;1,099;6
20,923;955066;0;15;1
20,924;955116;0;44;1
20,925;955121;1;87;4
20,926;955132;0;0;1
20,927;955139;0;16;2
20,928;955148;0;188;4
20,929;955162;0;470;2
20,930;955168;0;30;14
20,931;955210;0;33;12
20,932;955217;0;34;4
20,933;955242;0;705;3
20,934;955265;0;1;2
20,935;955277;0;181;1
20,936;955278;0;2;1
20,937;955346;0;4;2
20,938;955406;0;211;1
20,939;955407;0;2;2
20,940;955431;0;18;1
20,941;955465;0;19;2
20,942;955469;0;4;2
20,943;955547;0;10;2
20,944;955615;0;30;10
20,945;955637;0;16;2
20,946;955650;1;67;1
20,947;955652;0;427;3
20,948;955664;0;633;7
20,949;955668;0;30;2
20,950;955684;0;69;1
20,951;955688;0;60;3
20,952;955698;0;0;1
20,953;955714;0;6;1
20,954;955717;0;45;2
20,955;955736;0;2;2
20,956;955803;0;354;6
20,957;955823;0;77;5
20,958;955830;0;8;3
20,959;955839;0;1,581;41
20,960;955852;0;141;3
20,961;955856;0;34;2
20,962;955914;0;32;2
20,963;955989;0;1;1
20,964;955991;0;863;4
20,965;956028;0;44;2
20,966;956041;0;18;3
20,967;956097;0;2;2
20,968;956200;0;359;9
20,969;956250;0;347;7
20,970;956263;0;0;1
20,971;956331;0;120;6
20,972;956372;0;18;1
20,973;956380;1;0;1
20,974;956385;0;137;3
20,975;956415;0;0;1
20,976;956458;0;304;3
20,977;956504;0;2,688;3
20,978;956606;0;56;4
20,979;956640;1;14;1
20,980;956645;0;0;1
20,981;956648;0;0;1
20,982;956649;0;0;1
20,983;956655;1;7,178;1
20,984;956727;0;15;3
20,985;956743;0;185;1
20,986;956778;0;756;16
20,987;956786;0;310;4
20,988;956789;0;54;1
20,989;956790;0;128;1
20,990;956808;0;133;12
20,991;956813;0;0;1
20,992;956834;0;2,757;8
20,993;956867;0;8;1
20,994;956894;0;126;1
20,995;956898;0;49;1
20,996;956925;0;4,757;2
20,997;956931;0;1,373;2
20,998;956947;0;3;3
20,999;956950;0;18;3
21,000;956964;0;101;4
21,001;956968;0;118;1
21,002;956979;0;12;1
21,003;956980;0;6;1
21,004;956984;0;6;1
21,005;956994;0;10;3
21,006;957003;0;786;1
21,007;957013;0;5;2
21,008;957014;0;120;2
21,009;957018;0;1,551;2
21,010;957019;1;1,567;1
21,011;957021;0;457;2
21,012;957024;0;70;4
21,013;957035;0;535;2
21,014;957044;0;74;1
21,015;957052;0;336;5
21,016;957054;0;728;1
21,017;957055;0;2,931;1
21,018;957064;0;189;3
21,019;957065;1;4;1
21,020;957076;0;0;1
21,021;957087;0;0;2
21,022;957090;0;4;1
21,023;957096;1;6;1
21,024;957097;1;4;1
21,025;957101;1;8;11
21,026;957104;0;2;2
21,027;957122;0;2;2
21,028;957129;0;20;3
21,029;957135;0;424;3
21,030;957145;0;22;2
21,031;957191;0;11;1
21,032;957226;0;0;1
21,033;957233;0;11;1
21,034;957242;1;1;1
21,035;957244;0;0;1
21,036;957265;0;58;1
21,037;957309;1;2;1
21,038;957332;1;4;1
21,039;957337;0;87;7
21,040;957354;0;4;2
21,041;957361;0;71;4
21,042;957368;0;147;5
21,043;957397;1;167;1
21,044;957416;0;151;4
21,045;957417;0;3;1
21,046;957428;0;161;3
21,047;957448;0;5;1
21,048;957466;0;4;2
21,049;957474;0;9;2
21,050;957514;1;0;1
21,051;957516;0;4;2
21,052;957542;0;17;2
21,053;957586;0;12;4
21,054;957636;0;12;2
21,055;957640;0;39;3
21,056;957698;0;15;1
21,057;957715;0;20;4
21,058;957732;1;0;1
21,059;957762;0;59;2
21,060;957793;0;2;4
21,061;957803;0;2;1
21,062;957834;0;594;17
21,063;957909;0;2;1
21,064;957914;0;7;2
21,065;957919;0;4;4
21,066;957927;0;152;5
21,067;957928;0;15;2
21,068;957942;0;21;2
21,069;957944;0;2;2
21,070;957947;0;9;2
21,071;958001;0;197;2
21,072;958002;0;24;4
21,073;958200;0;0;2
21,074;958228;0;350;2
21,075;958239;0;2,685;3
21,076;958282;0;64;4
21,077;958288;0;289;11
21,078;958592;0;19;2
21,079;958659;0;2;2
21,080;958686;0;34;3
21,081;958690;1;7,772;1
21,082;958692;1;0;3
21,083;958696;0;0;1
21,084;958702;0;9;1
21,085;958708;0;0;1
21,086;958723;0;7;1
21,087;958803;0;821;5
21,088;958830;0;35;7
21,089;958843;0;4;2
21,090;958844;0;4;1
21,091;958877;0;519;12
21,092;958903;0;125;1
21,093;958947;1;0;1
21,094;958996;0;4;1
21,095;959002;1;756;1
21,096;959003;1;1;2
21,097;959016;0;13;2
21,098;959044;0;17;2
21,099;959076;0;91;3
21,100;959077;0;113;5
21,101;959087;1;1;1
21,102;959096;0;1;1
21,103;959103;0;57;1
21,104;959106;0;731;1
21,105;959110;0;8;3
21,106;959113;0;27;1
21,107;959117;0;29;3
21,108;959119;1;248;2
21,109;959145;0;12;2
21,110;959166;0;1,176;14
21,111;959182;0;9;2
21,112;959232;0;0;2
21,113;959255;0;40;1
21,114;959264;0;88;2
21,115;959309;0;65;1
21,116;959350;0;100;5
21,117;959411;0;13;1
21,118;959414;0;1;2
21,119;959447;0;83;2
21,120;959450;0;0;2
21,121;959455;0;0;1
21,122;959474;1;184;2
21,123;959519;0;72;1
21,124;959537;0;303;3
21,125;959546;0;113;5
21,126;959560;0;118;4
21,127;959587;1;16;4
21,128;959588;0;16;3
21,129;959605;0;87;6
21,130;959610;1;89;1
21,131;959614;0;81;2
21,132;959621;0;76;3
21,133;959645;0;89;2
21,134;959680;0;18;2
21,135;959696;0;0;2
21,136;959714;0;0;1
21,137;959729;0;112;9
21,138;959740;0;2;2
21,139;959746;0;39;5
21,140;959749;0;400;3
21,141;959750;1;14;1
21,142;959769;0;14;2
21,143;959788;0;185;3
21,144;959852;0;56;2
21,145;959866;0;24;4
21,146;959958;0;164;3
21,147;959962;0;0;1
21,148;959984;1;0;1
21,149;959988;0;226;2
21,150;960023;0;69;7
21,151;960111;1;618;1
21,152;960125;0;26;6
21,153;960127;1;0;1
21,154;960145;0;859;16
21,155;960162;0;844;2
21,156;960163;0;0;1
21,157;960167;0;16;2
21,158;960187;0;2;1
21,159;960193;0;0;1
21,160;960214;0;34;3
21,161;960241;0;20;2
21,162;960248;1;0;2
21,163;960387;0;38;2
21,164;960409;0;23;1
21,165;960411;1;0;1
21,166;960433;0;1,003;8
21,167;960471;0;618;2
21,168;960483;0;37;1
21,169;960579;1;0;1
21,170;960641;0;307;1
21,171;960643;0;307;1
21,172;960650;0;0;1
21,173;960667;1;2;1
21,174;960668;1;0;2
21,175;960673;0;2;2
21,176;960675;1;0;2
21,177;960679;0;91;10
21,178;960682;0;112;2
21,179;960696;0;2;1
21,180;960702;0;0;1
21,181;960705;0;2;1
21,182;960713;1;1,404;1
21,183;960721;0;0;1
21,184;960723;0;382;2
21,185;960725;0;9;6
21,186;960727;1;8;10
21,187;960730;1;0;2
21,188;960768;0;8;2
21,189;960794;1;0;3
21,190;960795;1;0;1
21,191;960805;1;0;2
21,192;960814;1;382;1
21,193;960816;0;14;8
21,194;960817;0;17;2
21,195;960819;0;443;1
21,196;960820;0;6;1
21,197;960821;0;2;1
21,198;960829;1;9;1
21,199;960832;0;3;2
21,200;960854;0;96;2
21,201;960855;0;24;2
21,202;960866;0;100;2
21,203;960887;0;498;5
21,204;960898;1;3,631;1
21,205;960900;0;105;4
21,206;960903;0;3,631;2
21,207;960911;0;15;2
21,208;960912;1;4;1
21,209;960937;0;2;2
21,210;960942;0;0;1
21,211;961076;0;1,390;1
21,212;961078;0;1;1
21,213;961079;1;566;2
21,214;961080;1;6;1
21,215;961096;0;223;1
21,216;961103;0;151;1
21,217;961104;1;12;2
21,218;961105;0;4;2
21,219;961106;0;4;1
21,220;961122;0;76;2
21,221;961214;1;1,120;2
21,222;961234;1;0;1
21,223;961264;0;27;1
21,224;961279;0;0;1
21,225;961280;0;14;2
21,226;961281;0;15;1
21,227;961338;0;198;6
21,228;961348;1;39;2
21,229;961360;0;2;2
21,230;961368;0;4;1
21,231;961375;0;104;2
21,232;961383;1;23;1
21,233;961391;0;56;3
21,234;961397;0;271;6
21,235;961398;0;56;2
21,236;961401;0;863;4
21,237;961461;1;0;1
21,238;961473;1;53;1
21,239;961478;0;181;1
21,240;961483;0;21;3
21,241;961560;0;1,218;2
21,242;961602;0;26;1
21,243;961662;1;0;1
21,244;961677;0;71;3
21,245;961711;0;30;3
21,246;961715;0;22;3
21,247;961731;0;71;1
21,248;961758;0;295;2
21,249;961770;0;3;3
21,250;961772;1;367;2
21,251;961788;0;8;3
21,252;961800;0;3;2
21,253;961811;0;4;2
21,254;961813;0;6;5
21,255;961829;1;271;1
21,256;961861;0;0;1
21,257;961905;0;4;3
21,258;961909;0;6;4
21,259;961915;0;3;3
21,260;961955;0;8;4
21,261;962073;0;28;3
21,262;962076;0;4;1
21,263;962142;0;122;3
21,264;962184;0;155;9
21,265;962266;0;68;4
21,266;962352;1;13;1
21,267;962390;1;13;1
21,268;962441;0;78;10
21,269;962531;0;12;2
21,270;962532;0;12;1
21,271;962533;0;30;2
21,272;962553;0;1,196;5
21,273;962571;0;1,350;13
21,274;962576;1;46;4
21,275;962598;0;452;2
21,276;962675;0;134;4
21,277;962683;1;0;1
21,278;962687;0;80;1
21,279;962689;1;0;1
21,280;962697;0;79;1
21,281;962708;0;6;1
21,282;962713;0;2,744;13
21,283;962714;0;0;1
21,284;962721;0;273;3
21,285;962823;0;34;2
21,286;962855;0;35;5
21,287;962864;0;24;1
21,288;962882;1;2;1
21,289;962899;0;11;4
21,290;962912;0;84;8
21,291;962913;0;28;7
21,292;962914;0;28;7
21,293;962915;0;77;2
21,294;962919;0;6;5
21,295;962921;0;19;3
21,296;962924;0;9;1
21,297;962929;0;6;2
21,298;962940;0;95;5
21,299;962957;1;142;1
21,300;962958;0;4;2
21,301;962962;0;86;7
21,302;962974;0;2,015;2
21,303;962976;0;12;1
21,304;962980;0;37;4
21,305;962993;0;9;1
21,306;963002;1;340;1
21,307;963021;0;2;2
21,308;963086;0;175;1
21,309;963087;0;25;2
21,310;963090;0;3;3
21,311;963114;1;12;5
21,312;963141;0;7;5
21,313;963220;0;2;2
21,314;963276;0;355;7
21,315;963279;0;59;8
21,316;963340;0;33;5
21,317;963341;0;3;6
21,318;963343;0;218;2
21,319;963374;0;71;3
21,320;963384;0;3;1
21,321;963435;0;319;4
21,322;963469;0;29;2
21,323;963498;0;2;2
21,324;963523;0;16;2
21,325;963554;0;13;1
21,326;963567;0;11;2
21,327;963569;0;271;2
21,328;963587;0;33;4
21,329;963626;0;6;2
21,330;963635;0;16;3
21,331;963670;0;163;2
21,332;963750;0;324;1
21,333;963905;0;33;5
21,334;963907;0;8;2
21,335;963917;0;11;5
21,336;963920;0;8;2
21,337;963927;0;561;6
21,338;963936;0;2;3
21,339;964010;0;148;2
21,340;964107;0;1,350;1
21,341;964109;0;169;3
21,342;964118;0;355;2
21,343;964121;0;106;2
21,344;964175;0;11;2
21,345;964177;0;51;2
21,346;964184;0;1,292;14
21,347;964258;0;0;1
21,348;964310;0;21;4
21,349;964341;0;0;1
21,350;964342;0;84;7
21,351;964350;0;45;10
21,352;964354;0;905;3
21,353;964400;0;11;2
21,354;964473;1;52;1
21,355;964553;0;138;8
21,356;964556;0;3,332;4
21,357;964558;0;72;3
21,358;964568;1;100;1
21,359;964584;0;0;1
21,360;964587;1;0;1
21,361;964591;1;860;2
21,362;964622;0;344;2
21,363;964638;0;344;1
21,364;964669;0;6;1
21,365;964682;1;84;1
21,366;964683;1;11;1
21,367;964684;1;99;1
21,368;964699;0;105;2
21,369;964716;0;3,332;2
21,370;964722;0;344;2
21,371;964723;0;13;4
21,372;964725;1;0;1
21,373;964727;0;558;1
21,374;964728;0;55;3
21,375;964751;0;22;2
21,376;964767;0;167;4
21,377;964778;1;167;2
21,378;964779;1;6;2
21,379;964783;0;7;5
21,380;964788;0;28;3
21,381;964789;0;641;5
21,382;964790;0;468;5
21,383;964798;0;9;1
21,384;964799;0;208;2
21,385;964807;0;2;1
21,386;964809;0;1;1
21,387;964816;0;25;2
21,388;964850;0;558;1
21,389;964855;0;561;1
21,390;964907;0;8;2
21,391;964920;0;61;5
21,392;964923;0;2;3
21,393;964924;0;25;2
21,394;964929;1;14;1
21,395;964935;0;519;4
21,396;964939;0;3;3
21,397;964972;0;39;3
21,398;964992;0;1;2
21,399;964996;0;12;4
21,400;965000;0;7;3
21,401;965004;0;40;2
21,402;965010;0;12;2
21,403;965014;1;1;1
21,404;965020;1;0;1
21,405;965021;1;0;1
21,406;965022;0;0;2
21,407;965023;1;0;1
21,408;965027;1;0;1
21,409;965035;1;892;1
21,410;965047;0;186;1
21,411;965049;0;396;2
21,412;965058;0;0;1
21,413;965059;0;2;1
21,414;965063;0;717;2
21,415;965071;0;7;2
21,416;965076;0;234;4
21,417;965079;0;0;1
21,418;965088;0;913;1
21,419;965151;0;2;2
21,420;965174;0;12;3
21,421;965253;0;16;11
21,422;965287;0;20;2
21,423;965288;1;4;1
21,424;965310;0;913;2
21,425;965317;0;0;1
21,426;965465;1;60;2
21,427;965483;0;2;2
21,428;965500;0;6;3
21,429;965507;0;534;4
21,430;965517;0;805;1
21,431;965525;0;75;17
21,432;965538;0;32;4
21,433;965553;0;45;3
21,434;965609;1;2;4
21,435;965615;0;1;2
21,436;965714;0;666;5
21,437;965772;0;9;3
21,438;965783;0;121;1
21,439;965827;0;57;3
21,440;965888;0;8;1
21,441;965927;0;4;2
21,442;966017;0;109;2
21,443;966036;0;5;2
21,444;966040;0;1;1
21,445;966049;1;4;1
21,446;966050;1;15;1
21,447;966066;0;54;2
21,448;966067;1;13;1
21,449;966072;0;13;2
21,450;966075;0;210;2
21,451;966187;0;3;1
21,452;966193;0;170;7
21,453;966217;1;210;1
21,454;966222;0;5;1
21,455;966338;0;0;1
21,456;966373;0;117;5
21,457;966412;0;56;6
21,458;966418;1;81;1
21,459;966426;0;5;1
21,460;966494;0;30;2
21,461;966536;0;39;2
21,462;966564;0;469;3
21,463;966599;0;583;8
21,464;966675;0;913;2
21,465;966711;1;26;1
21,466;966755;0;616;7
21,467;966759;0;0;1
21,468;966761;1;0;1
21,469;966762;0;18;2
21,470;966802;0;252;3
21,471;966810;0;1,576;4
21,472;966835;0;477;1
21,473;966869;0;918;2
21,474;966874;0;5;4
21,475;966880;0;49;5
21,476;966904;0;2;1
21,477;966910;1;120;2
21,478;966934;0;2;2
21,479;966948;0;6,369;12
21,480;966973;0;25;2
21,481;966974;0;19;2
21,482;966979;0;2;1
21,483;966992;0;107;5
21,484;967001;1;2;1
21,485;967006;0;344;1
21,486;967014;0;2;1
21,487;967043;0;32;4
21,488;967047;0;37;5
21,489;967066;0;12;2
21,490;967077;0;180;6
21,491;967086;0;3;1
21,492;967106;0;42;7
21,493;967107;0;7;1
21,494;967115;1;69;2
21,495;967116;0;65;4
21,496;967152;0;172;3
21,497;967170;0;132;6
21,498;967172;0;10;1
21,499;967224;0;2;1
21,500;967300;0;540;2
21,501;967433;0;65;3
21,502;967456;0;59;2
21,503;967478;0;82;2
21,504;967491;0;1,076;1
21,505;967505;0;160;4
21,506;967544;0;4;2
21,507;967565;0;217;1
21,508;967574;0;2;3
21,509;967687;0;37;3
21,510;967771;0;10;4
21,511;967778;0;43;3
21,512;967798;1;448;3
21,513;967847;0;30;1
21,514;967888;0;6;2
21,515;967894;0;2;1
21,516;967913;0;689;9
21,517;968007;0;180;5
21,518;968034;0;253;3
21,519;968155;0;242;3
21,520;968190;0;359;2
21,521;968280;1;0;2
21,522;968312;1;54;1
21,523;968338;0;129;2
21,524;968426;0;13;2
21,525;968430;0;6,019;1
21,526;968435;0;24;1
21,527;968447;0;8;5
21,528;968466;0;14;4
21,529;968471;1;0;2
21,530;968472;1;644;2
21,531;968477;0;10;2
21,532;968488;0;164;7
21,533;968500;0;6;3
21,534;968511;1;5,446;1
21,535;968517;0;5,446;1
21,536;968530;1;156;2
21,537;968543;0;50;6
21,538;968552;0;3;1
21,539;968588;0;5;3
21,540;968590;0;37;4
21,541;968591;0;304;5
21,542;968610;1;86;2
21,543;968611;1;40;1
21,544;968613;1;32;1
21,545;968614;1;308;2
21,546;968616;0;4;2
21,547;968656;0;28;2
21,548;968669;0;2;1
21,549;968677;0;254;2
21,550;968685;0;0;1
21,551;968703;0;1;2
21,552;968747;0;35;1
21,553;968773;0;29;2
21,554;968778;0;0;1
21,555;968837;0;13;7
21,556;968919;0;53;3
21,557;968951;0;2,331;3
21,558;968952;0;56;9
21,559;968954;0;30;2
21,560;968987;0;0;1
21,561;969082;0;103;7
21,562;969083;0;64;2
21,563;969187;0;17;7
21,564;969211;0;52;5
21,565;969246;0;277;1
21,566;969337;1;16;1
21,567;969378;0;126;2
21,568;969379;1;837;16
21,569;969434;0;2,331;1
21,570;969485;1;5,547;1
21,571;969671;0;5,551;5
21,572;969705;0;98;3
21,573;969767;1;88;1
21,574;969792;1;208;1
21,575;969799;0;86;1
21,576;969930;1;1,200;2
21,577;970002;0;116;7
21,578;970014;0;270;2
21,579;970061;0;29;5
21,580;970063;0;51;3
21,581;970083;0;7,557;1
21,582;970127;0;9;3
21,583;970200;0;33;4
21,584;970204;0;1;2
21,585;970212;0;10;3
21,586;970220;1;42;7
21,587;970262;0;12;3
21,588;970271;0;15;6
21,589;970272;0;74;2
21,590;970275;0;28;6
21,591;970283;0;253;2
21,592;970287;0;42;1
21,593;970314;1;10;5
21,594;970324;1;1,242;1
21,595;970342;0;274;5
21,596;970343;0;0;4
21,597;970533;0;5,767;8
21,598;970565;1;1,242;1
21,599;970579;0;175;1
21,600;970613;0;95;5
21,601;970616;0;49;10
21,602;970622;0;103;5
21,603;970638;0;896;5
21,604;970676;1;6;1
21,605;970677;1;6;1
21,606;970690;0;225;2
21,607;970714;0;0;1
21,608;970728;1;2;1
21,609;970737;0;5;5
21,610;970766;0;1,242;2
21,611;970797;0;41;2
21,612;970804;0;12;2
21,613;970822;0;0;1
21,614;970825;0;246;7
21,615;970856;0;48;3
21,616;970860;1;235;2
21,617;970868;0;62;2
21,618;970880;0;8;2
21,619;970896;0;93;2
21,620;970906;0;0;1
21,621;970911;0;233;1
21,622;971004;0;8;3
21,623;971027;1;7;1
21,624;971046;1;0;1
21,625;971048;0;65;1
21,626;971050;0;2,579;2
21,627;971063;1;362;3
21,628;971105;0;75;3
21,629;971139;0;68;12
21,630;971145;0;5;7
21,631;971148;1;25;1
21,632;971177;0;2;3
21,633;971178;0;60;2
21,634;971187;0;32;2
21,635;971241;0;0;3
21,636;971253;0;69;4
21,637;971356;0;6;3
21,638;971390;0;175;2
21,639;971422;1;0;1
21,640;971441;0;2;2
21,641;971442;1;0;1
21,642;971447;0;0;1
21,643;971448;0;0;1
21,644;971454;0;0;1
21,645;971463;0;2;3
21,646;971496;0;573;2
21,647;971500;0;362;2
21,648;971505;0;36;4
21,649;971538;0;84;7
21,650;971562;1;90;2
21,651;971564;0;38;2
21,652;971589;0;161;3
21,653;971599;0;45;3
21,654;971609;0;8;2
21,655;971677;0;159;10
21,656;971699;0;17;6
21,657;971715;0;146;3
21,658;971718;0;2;1
21,659;971758;0;2;1
21,660;971786;0;53;5
21,661;971807;0;98;4
21,662;971820;0;4;3
21,663;971828;0;20;6
21,664;971866;0;137;4
21,665;971968;0;0;1
21,666;972012;1;0;1
21,667;972040;0;67;2
21,668;972170;0;4;3
21,669;972248;0;370;1
21,670;972286;0;16;1
21,671;972366;0;21;1
21,672;972367;1;23;1
21,673;972373;0;432;2
21,674;972395;0;1,396;2
21,675;972423;0;6;2
21,676;972443;1;0;1
21,677;972480;0;87;2
21,678;972541;0;14;2
21,679;972567;0;553;6
21,680;972573;1;324;1
21,681;972576;0;47;2
21,682;972578;0;16;5
21,683;972591;0;2;2
21,684;972614;0;78;7
21,685;972616;0;210;2
21,686;972620;1;1;1
21,687;972630;0;0;1
21,688;972633;0;17;2
21,689;972649;1;234;2
21,690;972653;0;0;1
21,691;972686;0;38;2
21,692;972737;0;16;1
21,693;972749;0;6;2
21,694;972756;0;362;4
21,695;972804;0;5;6
21,696;972826;0;713;3
21,697;972838;0;23;3
21,698;972840;0;22;5
21,699;972850;0;13;2
21,700;973161;0;26;2
21,701;973167;0;148;6
21,702;973309;1;20;2
21,703;973310;1;16;1
21,704;973312;0;94;5
21,705;973319;0;9;1
21,706;973351;1;4;2
21,707;973405;0;0;1
21,708;973420;1;45;1
21,709;973430;0;108;8
21,710;973512;1;47;1
21,711;973529;0;5;1
21,712;973530;0;3,076;7
21,713;973561;0;228;9
21,714;973665;0;4;1
21,715;973782;0;237;4
21,716;973842;0;279;1
21,717;973903;0;328;2
21,718;973934;1;48;1
21,719;973978;0;0;1
21,720;974049;1;2,073;26
21,721;974126;0;49;1
21,722;974166;0;0;1
21,723;974227;0;19;2
21,724;974231;0;536;4
21,725;974451;0;71;1
21,726;974577;0;114;8
21,727;974720;0;0;1
21,728;974827;0;204;6
21,729;974837;0;6;2
21,730;975010;0;852;7
21,731;975040;0;162;6
21,732;975147;0;22;2
21,733;975237;0;127;12
21,734;975296;0;904;10
21,735;975337;0;352;1
21,736;975374;0;13;1
21,737;975375;0;6;1
21,738;975419;0;74;5
21,739;975530;0;719;5
21,740;975542;1;8;6
21,741;975693;0;2;5
21,742;975797;0;8;2
21,743;975907;0;93;2
21,744;975929;0;48;2
21,745;975943;1;0;1
21,746;975997;0;600;1
21,747;976082;0;351;5
21,748;976096;0;0;2
21,749;976209;0;8,641;6
21,750;976236;1;43;2
21,751;976245;1;2;1
21,752;976249;0;2;1
21,753;976262;0;57;12
21,754;976268;0;35;2
21,755;976275;0;6;2
21,756;976278;0;3,896;1
21,757;976290;0;19;2
21,758;976382;0;517;1
21,759;976403;0;73;3
21,760;976407;0;3;1
21,761;976413;1;102;7
21,762;976426;0;39;2
21,763;976437;0;110;4
21,764;976457;1;516;1
21,765;976470;0;963;1
21,766;976475;0;262;2
21,767;976532;0;141;4
21,768;976538;0;262;16
21,769;976559;0;92;6
21,770;976593;0;4;1
21,771;976617;0;13;1
21,772;976623;0;9;2
21,773;976634;1;22;10
21,774;976660;0;567;1
21,775;976663;1;205;1
21,776;976740;0;22;3
21,777;976760;0;377;11
21,778;976761;0;165;2
21,779;976772;0;2;1
21,780;976781;0;84;2
21,781;976794;0;16;2
21,782;976822;0;174;2
21,783;976873;0;267;2
21,784;976918;0;253;1
21,785;976995;1;151;4
21,786;977069;0;9;1
21,787;977126;0;72;3
21,788;977160;0;1;7
21,789;977178;0;591;4
21,790;977277;0;27;1
21,791;977280;0;15;10
21,792;977281;0;80;3
21,793;977286;0;91;1
21,794;977288;0;128;1
21,795;977351;1;12;1
21,796;977356;0;1,285;5
21,797;977361;0;9;1
21,798;977368;0;32;2
21,799;977418;0;1,862;2
21,800;977420;0;31;3
21,801;977425;0;10;2
21,802;977543;0;4;1
21,803;977558;0;57;5
21,804;977572;0;3;1
21,805;977636;0;81;2
21,806;977650;0;5,161;5
21,807;977652;0;10;2
21,808;977715;0;217;4
21,809;977722;0;200;19
21,810;977733;0;18;1
21,811;977753;0;6;4
21,812;977784;0;129;9
21,813;977796;0;16;3
21,814;977811;0;86;6
21,815;977821;0;117;5
21,816;977867;0;1,915;2
21,817;977868;0;43;2
21,818;977890;0;26;2
21,819;977919;0;6;1
21,820;977935;0;16;2
21,821;978005;0;46;1
21,822;978067;0;2;2
21,823;978068;0;61;1
21,824;978099;0;8;1
21,825;978117;1;9;1
21,826;978163;0;26;2
21,827;978191;0;26;1
21,828;978198;0;2;1
21,829;978244;0;334;6
21,830;978246;0;96;2
21,831;978253;0;24;3
21,832;978270;0;3;2
21,833;978285;0;4;1
21,834;978301;0;5;2
21,835;978322;0;9;2
21,836;978323;0;62;4
21,837;978351;0;6;2
21,838;978384;0;863;9
21,839;978503;1;0;1
21,840;978520;1;10;1
21,841;978521;0;13;4
21,842;978600;1;220;1
21,843;978609;0;100;1
21,844;978633;0;714;2
21,845;978643;1;233;1
21,846;978648;1;229;1
21,847;978653;0;229;3
21,848;978659;0;47;7
21,849;978663;0;42;6
21,850;978670;0;108;1
21,851;978720;0;110;1
21,852;978749;0;167;4
21,853;978754;0;32;1
21,854;978795;0;70;4
21,855;978799;0;330;1
21,856;978800;0;202;1
21,857;978839;0;109;7
21,858;978843;1;12;1
21,859;978848;1;37;1
21,860;978867;0;24;1
21,861;978875;1;4;1
21,862;978889;0;38;5
21,863;978932;1;181;1
21,864;978933;0;63;2
21,865;978940;0;4;2
21,866;978959;0;920;15
21,867;979008;0;52;1
21,868;979016;0;62;2
21,869;979032;0;5;3
21,870;979038;0;171;3
21,871;979043;0;3;2
21,872;979053;0;178;3
21,873;979055;1;192;1
21,874;979070;1;39;2
21,875;979073;1;129;1
21,876;979078;0;20;5
21,877;979101;0;74;5
21,878;979117;0;65;6
21,879;979147;0;185;3
21,880;979176;1;125;2
21,881;979179;0;2,775;8
21,882;979279;0;101;1
21,883;979284;0;2;3
21,884;979307;0;24;2
21,885;979346;0;2;2
21,886;979347;0;2;1
21,887;979390;0;329;3
21,888;979426;0;93;2
21,889;979433;0;67;7
21,890;979443;0;38;1
21,891;979455;0;8;3
21,892;979504;0;52;2
21,893;979505;1;131;2
21,894;979554;0;83;5
21,895;979591;0;132;1
21,896;979664;0;9;1
21,897;979666;0;163;4
21,898;979678;0;48;1
21,899;979687;0;65;1
21,900;979706;0;0;1
21,901;979755;0;32;3
21,902;979757;0;84;1
21,903;979823;0;109;4
21,904;979872;0;236;1
21,905;979886;0;227;3
21,906;979942;0;126;8
21,907;980118;0;532;1
21,908;980132;1;89;2
21,909;980340;0;36;3
21,910;980365;0;96;1
21,911;980390;0;0;1
21,912;980394;0;0;3
21,913;980416;0;17;4
21,914;980436;0;7;1
21,915;980466;0;399;8
21,916;980487;0;6;2
21,917;980493;0;468;1
21,918;980515;0;95;6
21,919;980525;0;51;1
21,920;980531;0;15;1
21,921;980540;0;64;5
21,922;980545;0;4;1
21,923;980553;0;10;1
21,924;980564;0;8;1
21,925;980623;0;70;1
21,926;980639;0;1,330;14
21,927;980657;0;15;2
21,928;980660;0;77;7
21,929;980666;0;3;2
21,930;980670;0;57;4
21,931;980680;0;89;2
21,932;980683;0;40;13
21,933;980684;0;130;2
21,934;980685;1;0;1
21,935;980689;0;3,884;1
21,936;980690;0;0;1
21,937;980705;0;224;1
21,938;980719;0;9;4
21,939;980727;0;0;1
21,940;980729;0;0;1
21,941;980734;0;120;3
21,942;980738;0;130;4
21,943;980751;0;364;1
21,944;980752;0;2,186;1
21,945;980753;0;2;1
21,946;980754;1;175;5
21,947;980755;1;4;9
21,948;980756;0;0;1
21,949;980757;0;112;1
21,950;980764;0;269;2
21,951;980765;0;37;1
21,952;980769;1;2,028;1
21,953;980771;0;8;1
21,954;980776;1;2;16
21,955;980777;0;163;1
21,956;980778;0;14;1
21,957;980785;0;40;8
21,958;980803;0;15;2
21,959;980804;0;62;2
21,960;980805;0;301;4
21,961;980806;0;204;7
21,962;980813;0;291;2
21,963;980815;0;163;2
21,964;980816;0;164;1
21,965;980820;0;50;1
21,966;980822;0;0;1
21,967;980829;0;4;2
21,968;980836;0;49;1
21,969;980839;0;25;3
21,970;980840;0;111;2
21,971;980841;0;6;1
21,972;980842;0;84;1
21,973;980844;0;4;1
21,974;980847;0;728;1
21,975;980851;0;113;3
21,976;980852;0;0;1
21,977;980856;1;118;1
21,978;980857;0;69;8
21,979;980858;0;0;2
21,980;980863;1;24;1
21,981;980867;1;9;1
21,982;980871;0;2;1
21,983;980872;0;111;3
21,984;980874;0;5;1
21,985;980901;0;2,253;4
21,986;980975;0;14;1
21,987;981170;1;5,832;1
21,988;981243;0;116;3
21,989;981313;0;83;2
21,990;981353;0;101;6
21,991;981440;0;281;6
21,992;981578;0;76;1
21,993;981729;0;49;2
21,994;981800;0;58;3
21,995;981871;0;53;6
21,996;981968;0;172;1
21,997;981999;0;20;1
21,998;982081;1;112;1
21,999;982100;0;24;1
22,000;982103;0;451;2
22,001;982104;1;67;2
22,002;982116;0;2,495;6
22,003;982126;0;13;1
22,004;982142;0;17;2
22,005;982155;0;1,059;4
22,006;982305;0;3;3
22,007;982356;0;212;5
22,008;982366;0;50;1
22,009;982398;1;124;1
22,010;982517;0;16;3
22,011;982520;0;247;2
22,012;982573;0;47;3
22,013;982595;0;320;8
22,014;982620;0;78;3
22,015;982656;1;2;2
22,016;982708;0;104;5
22,017;982774;0;24;1
22,018;982856;0;16;3
22,019;982860;0;12;1
22,020;982884;0;123;4
22,021;982892;0;125;7
22,022;982969;0;4;4
22,023;982972;0;125;8
22,024;983000;0;130;8
22,025;983012;0;2;1
22,026;983043;0;21;1
22,027;983047;0;14;2
22,028;983077;0;8;1
22,029;983082;0;335;30
22,030;983103;0;67;5
22,031;983106;0;2;1
22,032;983119;0;2;1
22,033;983122;0;7;6
22,034;983123;0;40;1
22,035;983131;0;38;1
22,036;983133;1;7,032;1
22,037;983162;0;540;2
22,038;983189;0;10;2
22,039;983191;0;167;2
22,040;983204;0;42;2
22,041;983218;0;0;1
22,042;983232;0;103;8
22,043;983239;1;0;1
22,044;983240;0;26;1
22,045;983266;0;2;1
22,046;983271;0;2;1
22,047;983275;1;27;1
22,048;983304;1;0;2
22,049;983322;0;6;3
22,050;983339;0;170;3
22,051;983366;0;105;2
22,052;983385;0;113;2
22,053;983386;0;51;1
22,054;983392;0;277;3
22,055;983399;0;3;1
22,056;983410;0;97;4
22,057;983415;0;4;1
22,058;983422;0;107;2
22,059;983435;0;60;3
22,060;983460;0;8;3
22,061;983477;1;0;1
22,062;983562;0;0;3
22,063;983595;0;8;1
22,064;983617;0;17;11
22,065;983636;0;39;1
22,066;983649;0;78;3
22,067;983660;0;3;1
22,068;983665;0;80;4
22,069;983683;0;3;4
22,070;983692;0;30;2
22,071;983701;0;3;2
22,072;983708;0;3;2
22,073;983723;0;2;2
22,074;983735;0;194;3
22,075;983739;0;0;1
22,076;983757;0;38;5
22,077;983760;0;58;2
22,078;983768;1;42;1
22,079;983775;0;1;1
22,080;983792;0;3;1
22,081;983793;0;383;6
22,082;983795;0;11;1
22,083;983798;0;32;2
22,084;983815;0;32;1
22,085;983816;0;18;4
22,086;983830;0;101;2
22,087;983838;1;0;1
22,088;983842;0;41;2
22,089;983845;0;88;1
22,090;983848;0;72;2
22,091;983850;0;20;1
22,092;983852;0;109;2
22,093;983863;0;215;9
22,094;983870;0;42;1
22,095;983874;0;449;2
22,096;983881;0;2;1
22,097;983883;0;0;1
22,098;983902;0;1,235;1
22,099;983912;0;11;1
22,100;983913;0;151;3
22,101;983954;0;186;3
22,102;983970;0;28;2
22,103;983995;0;0;1
22,104;984003;0;15;1
22,105;984065;0;163;3
22,106;984090;1;47;2
22,107;984126;0;166;1
22,108;984141;0;5;2
22,109;984178;1;2;1
22,110;984218;0;7;5
22,111;984243;0;39;2
22,112;984290;0;0;1
22,113;984293;1;0;1
22,114;984319;0;120;4
22,115;984342;0;420;3
22,116;984356;0;15;4
22,117;984376;0;154;4
22,118;984390;0;2;2
22,119;984460;1;12;2
22,120;984463;1;74;1
22,121;984540;0;2;1
22,122;984549;0;59;2
22,123;984554;0;3,865;19
22,124;984560;0;98;3
22,125;984565;1;0;1
22,126;984600;1;124;1
22,127;984611;0;50;8
22,128;984612;0;54;1
22,129;984625;0;63;8
22,130;984630;0;0;1
22,131;984637;1;0;1
22,132;984644;1;0;1
22,133;984663;0;149;3
22,134;984685;0;2,757;4
22,135;984701;0;351;12
22,136;984710;1;449;1
22,137;984763;0;0;1
22,138;984765;1;0;1
22,139;984814;0;199;11
22,140;984885;0;410;3
22,141;984909;0;85;3
22,142;984921;0;195;2
22,143;984928;0;7;2
22,144;984974;0;64;2
22,145;984989;0;155;3
22,146;984991;1;0;1
22,147;984992;0;12;1
22,148;985028;0;5;2
22,149;985036;1;0;1
22,150;985043;0;2;1
22,151;985044;0;10;1
22,152;985075;0;4;1
22,153;985089;0;161;4
22,154;985123;0;3;1
22,155;985129;0;5;1
22,156;985143;0;2;1
22,157;985152;0;7;1
22,158;985181;0;354;8
22,159;985189;1;7,895;2
22,160;985225;0;158;18
22,161;985237;0;22;1
22,162;985246;0;252;3
22,163;985256;0;34;3
22,164;985263;1;0;1
22,165;985265;0;122;3
22,166;985280;1;4;1
22,167;985336;0;164;2
22,168;985360;0;8;2
22,169;985376;0;508;5
22,170;985398;0;0;1
22,171;985429;1;100;3
22,172;985439;0;188;1
22,173;985448;0;245;1
22,174;985452;0;0;1
22,175;985477;0;0;1
22,176;985507;0;2;5
22,177;985528;0;4;1
22,178;985529;0;48;2
22,179;985534;0;4;1
22,180;985540;1;15;1
22,181;985553;0;8;1
22,182;985561;0;15;1
22,183;985562;0;206;2
22,184;985566;0;50;8
22,185;985573;0;27;1
22,186;985596;1;243;1
22,187;985600;0;0;1
22,188;985618;0;44;4
22,189;985629;0;100;2
22,190;985660;0;4;5
22,191;985661;0;8;2
22,192;985701;0;21;1
22,193;985733;0;0;1
22,194;985750;0;9;3
22,195;985756;0;14;7
22,196;985768;0;125;2
22,197;985783;0;231;1
22,198;985784;0;509;1
22,199;985788;0;7;1
22,200;985790;0;61;3
22,201;985792;0;29;9
22,202;985798;0;5;1
22,203;985801;0;231;1
22,204;985819;0;24;2
22,205;985825;0;150;4
22,206;985827;0;62;2
22,207;985844;0;43;3
22,208;985845;0;109;1
22,209;985863;0;3;1
22,210;985882;0;31;4
22,211;985890;0;76;2
22,212;985910;0;4;2
22,213;985922;1;109;1
22,214;985961;0;1,531;1
22,215;986023;0;359;3
22,216;986026;0;84;3
22,217;986030;0;69;1
22,218;986043;0;187;11
22,219;986053;0;0;1
22,220;986059;0;78;1
22,221;986062;0;0;1
22,222;986104;0;2,116;3
22,223;986116;0;509;6
22,224;986122;0;20;1
22,225;986136;0;294;14
22,226;986154;0;619;2
22,227;986182;0;778;4
22,228;986194;0;118;3
22,229;986209;0;37;2
22,230;986247;0;35;1
22,231;986287;1;0;1
22,232;986315;0;320;6
22,233;986332;0;2;3
22,234;986343;1;0;1
22,235;986346;0;977;1
22,236;986351;0;5;1
22,237;986411;0;141;5
22,238;986424;0;8;4
22,239;986432;0;234;1
22,240;986441;0;0;1
22,241;986521;0;533;4
22,242;986533;0;10;1
22,243;986536;0;290;1
22,244;986568;1;37;1
22,245;986584;0;0;1
22,246;986622;0;78;2
22,247;986661;0;0;1
22,248;986671;1;0;1
22,249;986672;0;0;1
22,250;986746;0;1;1
22,251;986784;0;4;2
22,252;986841;0;698;2
22,253;986878;0;32;2
22,254;986912;0;6;1
22,255;986948;0;295;4
22,256;986967;0;17;1
22,257;986985;0;11;2
22,258;987001;1;2;1
22,259;987004;0;2;2
22,260;987095;0;248;2
22,261;987356;0;2;1
22,262;987388;0;0;1
22,263;987848;0;8;2
22,264;987859;0;43;2
22,265;987867;0;6;2
22,266;987906;1;4,264;4
22,267;987919;0;3;1
22,268;987941;0;114;4
22,269;987944;0;9,725;2
22,270;987948;0;7;1
22,271;987951;0;2;1
22,272;987953;0;112;1
22,273;987996;1;47;2
22,274;988027;0;55;2
22,275;988030;0;614;16
22,276;988036;0;105;4
22,277;988039;0;8;1
22,278;988057;1;352;1
22,279;988060;0;55;1
22,280;988085;0;164;3
22,281;988117;0;324;1
22,282;988118;0;0;1
22,283;988123;0;0;1
22,284;988124;0;74;2
22,285;988125;0;13;2
22,286;988127;0;244;4
22,287;988129;0;6;3
22,288;988132;0;245;1
22,289;988149;0;71;1
22,290;988173;0;13;5
22,291;988185;0;55;2
22,292;988220;0;23;3
22,293;988245;0;964;1
22,294;988248;0;458;2
22,295;988255;0;2;2
22,296;988278;1;231;1
22,297;988279;0;5;1
22,298;988281;0;205;2
22,299;988289;0;2;1
22,300;988291;0;231;1
22,301;988307;1;1,045;1
22,302;988308;1;1;2
22,303;988329;0;453;3
22,304;988342;0;368;1
22,305;988437;0;389;19
22,306;988454;0;458;1
22,307;988467;0;85;2
22,308;988488;1;42;1
22,309;988494;0;50;4
22,310;988511;0;9;2
22,311;988515;1;105;1
22,312;988599;0;76;5
22,313;988614;0;0;1
22,314;988621;1;178;2
22,315;988631;0;22;3
22,316;988641;0;9;1
22,317;988669;0;148;3
22,318;988681;0;30;2
22,319;988682;0;61;1
22,320;988687;1;605;1
22,321;988712;0;9;1
22,322;988716;1;37;3
22,323;988731;0;26;1
22,324;988735;0;80;1
22,325;988736;0;110;1
22,326;988763;0;3;1
22,327;988806;1;304;1
22,328;988811;0;45;1
22,329;988818;0;88;2
22,330;988835;0;26;3
22,331;988836;0;252;2
22,332;988859;0;981;2
22,333;988885;1;977;2
22,334;988893;0;108;1
22,335;988940;0;32;2
22,336;988944;0;275;3
22,337;989010;1;0;1
22,338;989054;0;12;1
22,339;989079;0;0;1
22,340;989178;0;2;1
22,341;989180;0;17;3
22,342;989204;0;14;3
22,343;989217;1;126;3
22,344;989222;0;137;2
22,345;989241;1;439;23
22,346;989349;1;6;1
22,347;989351;0;0;1
22,348;989386;0;102;2
22,349;989437;0;63;6
22,350;989450;0;0;1
22,351;989479;0;234;1
22,352;989485;0;533;1
22,353;989488;0;61;1
22,354;989491;0;78;1
22,355;989510;0;116;3
22,356;989515;1;6;1
22,357;989517;1;126;1
22,358;989527;1;37;1
22,359;989548;0;0;1
22,360;989572;0;0;1
22,361;989576;1;0;1
22,362;989621;0;275;3
22,363;989623;0;14;1
22,364;989644;0;1,130;1
22,365;989650;1;44;2
22,366;989680;0;1;2
22,367;989702;0;131;1
22,368;989708;0;120;6
22,369;989709;0;177;11
22,370;989718;0;93;1
22,371;989719;0;20;1
22,372;989721;1;5;2
22,373;989729;0;146;4
22,374;989736;0;12;2
22,375;989773;1;2;1
22,376;989774;0;39;1
22,377;989786;0;0;1
22,378;989798;1;176;1
22,379;989799;1;9;1
22,380;989805;0;9;3
22,381;989808;0;38;2
22,382;989822;0;0;1
22,383;989823;0;633;5
22,384;989825;0;6;2
22,385;989827;1;37;2
22,386;989828;0;126;2
22,387;989855;0;8,712;28
22,388;989865;0;901;17
22,389;989871;0;4;1
22,390;989900;0;14;3
22,391;989905;0;80;4
22,392;989914;0;2;2
22,393;989940;0;93;2
22,394;989954;0;23;2
22,395;989980;0;20;3
22,396;989983;0;2;3
22,397;989986;0;0;2
22,398;989989;1;4;4
22,399;989990;0;158;7
22,400;989994;0;312;1
22,401;990011;0;45;14
22,402;990031;0;29;1
22,403;990034;1;14;1
22,404;990044;0;12;2
22,405;990045;0;2;1
22,406;990066;0;25;2
22,407;990075;0;177;1
22,408;990078;1;42;1
22,409;990088;0;18;1
22,410;990092;0;5;5
22,411;990115;0;9;2
22,412;990120;0;244;2
22,413;990123;0;1;2
22,414;990138;0;3;3
22,415;990183;1;2;1
22,416;990192;0;33;1
22,417;990202;0;4;2
22,418;990222;0;52;1
22,419;990227;0;8;1
22,420;990230;0;0;1
22,421;990252;0;11;1
22,422;990263;0;117;4
22,423;990282;0;204;1
22,424;990289;1;373;1
22,425;990290;0;9,980;3
22,426;990303;0;64;1
22,427;990380;0;10;3
22,428;990389;0;3;1
22,429;990403;0;30;1
22,430;990408;0;40;2
22,431;990410;0;2;1
22,432;990413;0;19;2
22,433;990416;0;0;1
22,434;990426;0;27;1
22,435;990429;1;40;1
22,436;990433;0;45;2
22,437;990438;0;154;2
22,438;990462;0;1,825;1
22,439;990463;0;119;1
22,440;990493;0;0;1
22,441;990494;0;85;1
22,442;990498;0;28;1
22,443;990500;0;874;1
22,444;990501;0;57;3
22,445;990514;0;31;1
22,446;990527;0;12;2
22,447;990536;0;8;2
22,448;990541;0;10;1
22,449;990590;0;0;1
22,450;990603;0;95;1
22,451;990609;0;14;2
22,452;990635;0;86;2
22,453;990647;0;35;2
22,454;990651;0;174;1
22,455;990668;0;54;2
22,456;990694;0;7;1
22,457;990700;0;15;1
22,458;990703;0;4;1
22,459;990707;0;2;1
22,460;990714;0;0;1
22,461;990731;0;5;1
22,462;990739;0;13;1
22,463;990746;0;16;2
22,464;990753;0;96;5
22,465;990756;0;16;3
22,466;990759;0;38;1
22,467;990769;0;49;4
22,468;990770;0;322;1
22,469;990772;0;334;1
22,470;990776;0;18;1
22,471;990809;0;15;2
22,472;990836;0;40;1
22,473;990838;0;0;5
22,474;990849;0;12;1
22,475;990854;0;0;2
22,476;990870;0;0;1
22,477;990884;0;1,344;1
22,478;990888;0;10;3
22,479;990892;0;5;2
22,480;990918;0;13;1
22,481;990922;0;32;6
22,482;990929;0;137;4
22,483;990935;0;275;1
22,484;990953;0;296;2
22,485;990971;0;32;6
22,486;990977;0;112;2
22,487;990984;0;5;1
22,488;990990;0;82;3
22,489;991006;0;495;1
22,490;991020;0;35;4
22,491;991022;0;397;1
22,492;991031;0;42;1
22,493;991059;0;126;5
22,494;991075;0;44;4
22,495;991083;0;5;2
22,496;991108;1;78;1
22,497;991123;0;103;2
22,498;991148;0;16;1
22,499;991175;0;0;1
22,500;991180;0;321;4
22,501;991181;0;66;1
22,502;991187;0;38;3
22,503;991188;1;2;1
22,504;991194;0;122;1
22,505;991207;0;3;2
22,506;991216;0;1,454;13
22,507;991220;0;65;2
22,508;991244;0;113;2
22,509;991276;1;146;2
22,510;991283;0;3;1
22,511;991287;0;2;1
22,512;991289;0;13;1
22,513;991292;0;230;34
22,514;991310;1;936;19
22,515;991325;0;12;1
22,516;991347;0;170;3
22,517;991354;0;0;1
22,518;991357;0;6;3
22,519;991364;0;133;4
22,520;991490;0;209;14
22,521;991535;0;47;4
22,522;991576;0;23;1
22,523;991591;0;9;2
22,524;991595;1;0;1
22,525;991628;1;0;1
22,526;991634;1;0;1
22,527;991638;1;0;1
22,528;991643;0;14;1
22,529;991661;0;7;1
22,530;991717;0;760;4
22,531;991729;0;4;1
22,532;991740;1;0;1
22,533;991747;0;13;1
22,534;991760;0;4;2
22,535;991761;0;12;1
22,536;991856;0;4;1
22,537;991857;0;158;1
22,538;991862;0;7;3
22,539;991866;1;411;3
22,540;991867;0;698;2
22,541;991882;0;0;1
22,542;991892;0;0;1
22,543;991898;0;934;4
22,544;991911;0;4;2
22,545;991917;0;0;1
22,546;991921;0;0;1
22,547;991922;1;0;1
22,548;991923;0;934;1
22,549;991929;1;555;7
22,550;991954;0;83;2
22,551;991959;0;270;1
22,552;991962;0;1,613;2
22,553;991965;0;3;1
22,554;991971;0;439;1
22,555;991994;0;2;1
22,556;992017;0;555;3
22,557;992059;0;6;1
22,558;992076;0;9;1
22,559;992080;0;47;2
22,560;992081;0;3;2
22,561;992086;0;88;1
22,562;992090;0;99;2
22,563;992093;0;2;2
22,564;992097;0;6;2
22,565;992102;0;13;4
22,566;992104;0;2;1
22,567;992107;1;158;1
22,568;992110;0;149;2
22,569;992112;0;370;1
22,570;992113;0;49;2
22,571;992114;0;132;3
22,572;992115;0;288;1
22,573;992120;0;32;1
22,574;992121;0;2;1
22,575;992127;0;19;1
22,576;992128;0;1,766;1
22,577;992129;0;384;5
22,578;992130;0;2;1
22,579;992131;0;190;3
22,580;992134;0;71;4
22,581;992135;1;9;4
22,582;992136;0;153;1
22,583;992137;0;39;2
22,584;992139;0;55;5
22,585;992146;1;3;1
22,586;992149;0;1;1
22,587;992163;0;4;1
22,588;992172;0;2,984;50
22,589;992177;0;1,838;1
22,590;992178;0;2;1
22,591;992192;0;226;2
22,592;992207;0;599;1
22,593;992210;1;4,425;1
22,594;992227;0;24;2
22,595;992274;0;145;3
22,596;992282;0;217;2
22,597;992343;0;104;1
22,598;992345;0;51;1
22,599;992569;0;2;1
22,600;992638;1;4,915;1
22,601;992655;0;14;2
22,602;992682;0;0;1
22,603;992742;1;6;1
22,604;992744;0;8;1
22,605;992771;1;0;1
22,606;992781;0;133;8
22,607;992805;0;0;1
22,608;992806;0;0;1
22,609;993234;0;0;1
22,610;993324;0;10;1
22,611;993349;0;54;4
22,612;993376;0;5;1
22,613;993429;0;63;5
22,614;993431;0;26;2
22,615;993434;0;29;4
22,616;993514;0;0;1
22,617;993672;0;524;2
22,618;993793;0;65;1
22,619;993916;0;192;12
22,620;993924;0;117;1
22,621;993926;0;5;3
22,622;993936;0;0;1
22,623;993973;1;151;13
22,624;994018;0;6;1
22,625;994111;0;13;3
22,626;994169;0;183;1
22,627;994170;0;78;2
22,628;994182;0;129;1
22,629;994218;0;0;1
22,630;994234;0;4,083;2
22,631;994242;1;5,651;2
22,632;994280;0;147;1
22,633;994281;0;5;1
22,634;994284;0;87;2
22,635;994285;0;20;10
22,636;994348;1;212;1
22,637;994357;0;2,060;3
22,638;994364;0;48;1
22,639;994366;0;31;1
22,640;994400;0;2;1
22,641;994401;0;120;1
22,642;994442;0;4;1
22,643;994446;0;12;1
22,644;994448;0;269;1
22,645;994452;0;0;1
22,646;994458;0;0;1
22,647;994459;1;0;1
22,648;994500;0;18;1
22,649;994517;0;228;1
22,650;994519;0;302;2
22,651;994541;0;7;1
22,652;994558;0;253;3
22,653;994572;0;61;1
22,654;994585;0;6;1
22,655;994640;0;98;1
22,656;994650;0;161;4
22,657;994652;0;6;1
22,658;994658;0;2;1
22,659;994666;0;92;1
22,660;994686;0;96;4
22,661;994701;0;15;1
22,662;994761;0;6;1
22,663;994764;0;6;2
22,664;994765;0;8;2
22,665;994786;0;3;3
22,666;994793;0;4;4
22,667;994799;0;20;1
22,668;994810;0;32;4
22,669;994812;0;4,170;2
22,670;994814;0;96;1
22,671;994825;0;2;1
22,672;994850;0;2;1
22,673;994853;0;6;3
22,674;994856;0;75;1
22,675;994884;0;2;1
22,676;994895;1;48;1
22,677;994908;0;206;2
22,678;994919;0;38;4
22,679;994937;1;83;2
22,680;994961;0;508;5
22,681;994963;0;118;4
22,682;994996;1;4;1
22,683;994999;0;6;1
22,684;995018;0;0;1
22,685;995022;0;46;1
22,686;995028;1;0;1
22,687;995031;0;0;1
22,688;995040;0;128;1
22,689;995082;1;0;1
22,690;995084;1;15;1
22,691;995091;1;164;4
22,692;995099;0;8,488;3
22,693;995114;0;10;1
22,694;995141;0;15;1
22,695;995145;1;11;1
22,696;995159;0;158;2
22,697;995163;0;284;1
22,698;995168;1;37;1
22,699;995171;0;182;2
22,700;995172;0;37;1
22,701;995176;0;3;1
22,702;995182;0;40;3
22,703;995193;0;1,466;5
22,704;995204;0;5;2
22,705;995232;0;65;1
22,706;995241;0;4;1
22,707;995264;0;15;2
22,708;995279;1;11;2
22,709;995282;0;264;1
22,710;995299;0;2;1
22,711;995305;0;47;3
22,712;995322;0;2,841;4
22,713;995341;0;64;3
22,714;995357;0;2,198;2
22,715;995360;0;8;1
22,716;995373;0;21;2
22,717;995376;0;6;2
22,718;995379;0;20;3
22,719;995384;1;5,651;1
22,720;995399;0;0;1
22,721;995406;0;54;1
22,722;995411;0;81;2
22,723;995436;0;2;1
22,724;995457;0;3;1
22,725;995460;0;482;2
22,726;995481;0;15;2
22,727;995489;0;296;11
22,728;995506;0;83;4
22,729;995516;0;12;1
22,730;995535;0;6;1
22,731;995543;0;33;2
22,732;995559;0;4;1
22,733;995622;0;7;1
22,734;995628;0;0;1
22,735;995640;1;24;3
22,736;995642;0;242;2
22,737;995664;0;2;2
22,738;995683;1;26;5
22,739;995709;0;369;1
22,740;995714;0;2;1
22,741;995719;0;9;2
22,742;995732;1;71;1
22,743;995748;1;5,677;3
22,744;995749;0;7;1
22,745;995750;0;71;1
22,746;995781;0;13;1
22,747;995821;1;13;3
22,748;995828;0;45;4
22,749;995834;0;13;5
22,750;995843;0;14;1
22,751;995849;1;144;1
22,752;995852;0;4;5
22,753;995854;0;5;1
22,754;995858;0;14;1
22,755;995869;1;0;1
22,756;995878;0;24;1
22,757;995894;1;141;1
22,758;995911;1;27;1
22,759;995926;0;20;1
22,760;995930;0;2;1
22,761;995942;0;18;2
22,762;995965;0;93;2
22,763;996011;0;3;1
22,764;996012;0;56;2
22,765;996033;0;121;6
22,766;996034;0;1,725;2
22,767;996046;0;11;2
22,768;996064;0;4;1
22,769;996066;0;4;1
22,770;996093;0;133;2
22,771;996108;0;34;2
22,772;996122;0;134;2
22,773;996124;1;53;2
22,774;996129;0;19;1
22,775;996133;0;874;6
22,776;996137;0;6;1
22,777;996144;0;7;1
22,778;996163;0;0;1
22,779;996182;0;2;1
22,780;996192;0;0;1
22,781;996225;1;0;1
22,782;996268;0;11;1
22,783;996286;0;79;2
22,784;996291;0;7;1
22,785;996299;0;784;2
22,786;996303;1;182;1
22,787;996304;1;47;1
22,788;996313;0;6;1
22,789;996319;0;211;1
22,790;996341;0;2;1
22,791;996378;0;14;1
22,792;996391;0;2;1
22,793;996421;0;5;1
22,794;996441;0;71;2
22,795;996465;0;24;1
22,796;996471;0;8;1
22,797;996478;0;971;25
22,798;996500;0;166;3
22,799;996526;0;2;1
22,800;996545;0;120;4
22,801;996582;0;28;4
22,802;996586;0;0;1
22,803;996595;0;0;1
22,804;996599;0;0;1
22,805;996601;1;0;1
22,806;996605;0;70;1
22,807;996622;1;765;8
22,808;996636;0;2,314;1
22,809;996639;1;0;1
22,810;996652;0;70;1
22,811;996653;0;255;1
22,812;996661;1;0;1
22,813;996675;0;66;7
22,814;996744;0;328;1
22,815;996762;0;83;2
22,816;996791;0;5;2
22,817;996801;0;2;3
22,818;996803;0;21;1
22,819;996807;0;6;2
22,820;996817;0;4,818;3
22,821;996818;1;83;1
22,822;996821;1;83;1
22,823;996831;1;9;2
22,824;996875;0;17;3
22,825;996894;0;15;2
22,826;996921;0;0;1
22,827;996924;1;0;1
22,828;996925;0;0;1
22,829;996926;0;11;2
22,830;996954;0;12;1
22,831;996959;0;1,014;6
22,832;996963;0;3;1
22,833;996965;0;2;1
22,834;996967;0;10;2
22,835;996973;0;26;5
22,836;996998;0;47;5
22,837;997004;1;2;2
22,838;997012;0;87;2
22,839;997016;0;32;5
22,840;997017;0;5;1
22,841;997024;0;47;5
22,842;997026;0;4;3
22,843;997044;1;8;1
22,844;997055;0;75;8
22,845;997061;0;8;1
22,846;997069;0;81;4
22,847;997079;0;84;4
22,848;997085;1;3,208;1
22,849;997088;0;47;1
22,850;997105;0;3,208;3
22,851;997115;0;25;5
22,852;997136;0;336;4
22,853;997137;0;0;2
22,854;997138;0;117;1
22,855;997145;0;0;1
22,856;997179;0;8;1
22,857;997182;0;117;2
22,858;997186;0;61;1
22,859;997187;0;77;3
22,860;997191;1;934;1
22,861;997193;0;11;1
22,862;997196;1;49;1
22,863;997197;1;153;1
22,864;997199;1;39;1
22,865;997204;1;24;1
22,866;997206;1;104;1
22,867;997209;1;51;1
22,868;997210;1;6;1
22,869;997211;1;128;1
22,870;997212;1;15;1
22,871;997269;0;1,302;2
22,872;997274;0;391;4
22,873;997278;0;11;3
22,874;997294;0;3,936;1
22,875;997317;0;125;5
22,876;997322;0;13;2
22,877;997349;1;0;3
22,878;997353;0;8;2
22,879;997361;0;19;3
22,880;997367;0;130;1
22,881;997388;0;30;1
22,882;997405;0;4;1
22,883;997432;0;141;1
22,884;997442;1;7;1
22,885;997447;0;50;2
22,886;997470;1;144;1
22,887;997492;1;159;2
22,888;997496;0;143;1
22,889;997503;0;114;3
22,890;997510;1;791;3
22,891;997522;0;0;1
22,892;997527;0;159;1
22,893;997528;0;50;3
22,894;997531;1;91;1
22,895;997537;0;70;5
22,896;997544;0;13;5
22,897;997551;0;0;1
22,898;997554;0;40;1
22,899;997557;0;8;1
22,900;997586;1;411;1
22,901;997587;1;61;1
22,902;997588;1;183;1
22,903;997619;0;57;6
22,904;997622;0;27;1
22,905;997645;0;0;1
22,906;997648;0;17;1
22,907;997713;0;17;1
22,908;997728;1;731;1
22,909;997735;0;16;2
22,910;997747;0;159;1
22,911;997749;1;401;3
22,912;997753;1;164;1
22,913;997761;0;174;7
22,914;997762;0;15;1
22,915;997783;0;49;1
22,916;997804;0;165;2
22,917;997811;0;12;2
22,918;997822;0;9;4
22,919;997826;0;68;2
22,920;997856;1;392;3
22,921;997878;0;0;1
22,922;997879;0;20;2
22,923;997883;0;275;1
22,924;997909;0;20;3
22,925;997916;0;83;11
22,926;997930;0;3;3
22,927;997970;1;38;4
22,928;997977;1;159;1
22,929;998014;0;368;22
22,930;998024;0;581;3
22,931;998027;0;238;10
22,932;998073;1;23;2
22,933;998083;0;11;1
22,934;998103;0;6;7
22,935;998114;0;70;1
22,936;998124;0;1,322;1
22,937;998135;0;163;1
22,938;998139;1;4;1
22,939;998142;0;2;1
22,940;998181;1;6;2
22,941;998184;0;82;2
22,942;998185;0;8;2
22,943;998196;0;9;2
22,944;998204;0;21;4
22,945;998220;0;1,547;26
22,946;998227;0;381;3
22,947;998259;1;24;1
22,948;998305;0;130;3
22,949;998309;0;2;1
22,950;998339;1;380;1
22,951;998355;0;8;1
22,952;998366;1;23;1
22,953;998377;0;378;6
22,954;998385;0;25;3
22,955;998401;0;3;1
22,956;998406;0;0;1
22,957;998408;0;393;4
22,958;998440;0;25;1
22,959;998486;0;33;1
22,960;998489;0;85;9
22,961;998493;0;41;2
22,962;998519;0;31;6
22,963;998520;1;198;3
22,964;998523;0;10;5
22,965;998531;0;137;2
22,966;998543;0;411;3
22,967;998559;1;1,138;9
22,968;998591;0;6;1
22,969;998631;0;10;1
22,970;998639;0;38;2
22,971;998660;0;0;1
22,972;998663;0;0;1
22,973;998678;0;349;8
22,974;998693;0;25;1
22,975;998717;0;2;1
22,976;998723;0;4;1
22,977;998726;0;24;1
22,978;998755;0;120;3
22,979;998772;0;161;1
22,980;998774;0;103;3
22,981;998781;0;4;1
22,982;998793;0;2;1
22,983;998807;1;0;1
22,984;998810;0;75;2
22,985;998832;0;0;1
22,986;998846;1;0;1
22,987;998908;0;225;16
22,988;998918;0;126;4
22,989;998924;0;2;3
22,990;998927;0;260;1
22,991;998935;1;370;6
22,992;998957;0;2;1
22,993;998963;0;135;1
22,994;998978;0;1,160;2
22,995;998981;0;0;2
22,996;998994;0;61;1
22,997;999006;0;0;1
22,998;999024;1;4;3
22,999;999025;1;4;2
23,000;999026;1;53;3
23,001;999027;0;0;1
23,002;999029;1;0;1
23,003;999030;0;11;7
23,004;999053;0;2;6
23,005;999059;0;40;6
23,006;999088;0;62;2
23,007;999093;0;7;1
23,008;999114;1;0;1
23,009;999115;1;0;1
23,010;999117;1;0;1
23,011;999120;0;61;2
23,012;999126;0;16;1
23,013;999151;0;60;3
23,014;999156;0;4;2
23,015;999157;1;300;1
23,016;999175;1;3,865;1
23,017;999176;0;2;2
23,018;999177;1;46;2
23,019;999185;0;193;5
23,020;999188;0;2;1
23,021;999192;0;4,837;1
23,022;999198;0;2;1
23,023;999202;0;30;2
23,024;999207;0;37;1
23,025;999212;0;190;1
23,026;999214;0;17;2
23,027;999215;0;38;4
23,028;999216;0;100;7
23,029;999225;0;28;12
23,030;999235;0;1;1
23,031;999244;0;11;1
23,032;999248;0;661;1
23,033;999252;0;631;5
23,034;999256;1;0;1
23,035;999266;0;137;6
23,036;999281;0;2,098;1
23,037;999282;0;11;1
23,038;999295;1;137;1
23,039;999300;1;79;6
23,040;999327;0;3;1
23,041;999338;0;58;1
23,042;999351;0;55;1
23,043;999457;0;197;4
23,044;999460;0;144;1
23,045;999473;0;6;2
23,046;999478;0;0;1
23,047;999479;1;232;2
23,048;999482;0;7;1
23,049;999483;0;156;1
23,050;999484;0;96;1
23,051;999492;0;54;1
23,052;999518;1;36;7
23,053;999546;0;0;1
23,054;999573;0;77;6
23,055;999582;0;65;1
23,056;999592;0;12;1
23,057;999598;0;16;2
23,058;999614;0;356;1
23,059;999617;0;11;3
23,060;999626;0;39;2
23,061;999635;1;46;1
23,062;999638;0;36;1
23,063;999647;0;51;1
23,064;999675;0;0;1
23,065;999677;0;0;1
23,066;999678;0;6;1
23,067;999681;0;49;3
23,068;999690;0;8;1
23,069;999699;1;13;1
23,070;999711;0;11;1
23,071;999715;0;54;2
23,072;999749;0;63;1
23,073;999752;0;2;1
23,074;999756;0;14;1
23,075;999762;0;48;2
23,076;999764;0;326;4
23,077;999776;1;35;1
23,078;999780;0;35;1
23,079;999808;0;5;3
23,080;999812;1;0;1
23,081;999817;0;14;1
23,082;999831;0;62;1
23,083;999832;0;41;1
23,084;999842;0;8;2
23,085;999845;0;4;2
23,086;999853;0;14;4
23,087;999867;0;15;1
23,088;999869;0;1;2
23,089;999888;0;9;1
23,090;999897;0;10;4
23,091;999901;0;12;1
23,092;999928;0;65;4
23,093;999953;0;36;1
23,094;999958;0;160;2
23,095;999960;0;15;1
23,096;999979;0;2;1
23,097;999991;1;96;2
