outputWeek,category,outputChange,outputPatch,outputSuccessRate,a,b
2014-W16,b,1,394,1,720,0.810465,1,394,1,720
2014-W18,b,47,73,0.643835,47,73
2014-W21,b,283,414,0.683574,283,414
2014-W24,b,261,480,0.54375,261,480
2014-W26,b,374,836,0.447368,374,836
2014-W29,b,77,200,0.385,77,200
2014-W31,b,335,894,0.37472,335,894
2014-W36,b,80,227,0.352422,80,227
2014-W38,b,183,759,0.241106,183,759
2014-W40,b,136,498,0.273092,136,498
2014-W42,b,114,339,0.336283,114,339
2014-W44,b,306,995,0.307537,306,995
2014-W47,b,199,700,0.284285,199,700
2014-W51,b,206,607,0.339373,206,607
2015-W01,b,366,838,0.436754,366,838
2015-W05,b,405,1,141,0.354951,405,1,141
2015-W09,b,389,1,010,0.385148,389,1,010
2015-W12,b,40,94,0.425531,40,94
2015-W14,b,376,1,274,0.295133,376,1,274
2015-W18,t,382,1,291,0.295894,382,1,291
2015-W22,t,429,1,334,0.321589,429,1,334
2015-W24,t,587,1,935,0.303359,587,1,935
2015-W26,t,1,244,3,070,0.405211,1,244,3,070
2015-W28,t,1,007,2,399,0.419758,1,007,2,399
2015-W30,t,1,144,3,425,0.334014,1,144,3,425
2015-W32,t,1,093,3,299,0.331312,1,093,3,299
2015-W34,t,1,312,4,379,0.299611,1,312,4,379
2015-W36,t,1,335,4,546,0.293664,1,335,4,546
2015-W38,t,1,585,5,420,0.292435,1,585,5,420
2015-W40,t,1,503,5,057,0.297211,1,503,5,057
2015-W42,t,1,240,4,107,0.301923,1,240,4,107
2015-W44,t,1,491,5,266,0.283137,1,491,5,266
<Null>,t,<Null>,<Null>,<Null>,<Null>,<Null>
